6 2 0
6 2 0
1 1 0
1 1 0
1 1 0
1 1 0
1 1 0
1 1 0
1 1 0
1 1 0
1 1 0
1 1 0
14 3 0
14 3 0
14 3 0
14 3 0
14 3 0
13 2 0
14 3 0
14 3 0
14 3 0
18 3 0
5 2 0
3 2 0
3 2 0
3 2 0
2 2 0
3 2 0
2 2 0
4 2 0
3 2 0
3 2 0
2 2 0
10 2 0
3 2 0
3 2 0
2 2 0
2 2 0
2 2 0
3 2 0
2 2 0
2 2 0
2 2 0
2 2 0
2 2 0
2 2 0
2 2 0
2 2 0
2 2 0
2 2 0
2 2 0
3 2 0
2 2 0
2 2 0
3 2 0
3 2 0
2 2 0
2 2 0
2 2 0
2 2 0
2 2 0
2 2 0
2 2 0
2 2 0
2 2 0
2 2 0
2 2 0
4 2 0
2 2 0
13 2 0
14 3 0
16 3 0
14 3 1
14 3 0
14 3 0
14 3 1
14 3 0
17 3 0
14 3 0
17 3 0
14 3 0
14 3 0
14 3 0
11 2 0
14 3 0
14 3 0
13 2 0
2 2 0
124 5 1
44 4 0
1 0 0
17 3 0
14 3 0
14 3 0
14 3 0
25 3 0
66 4 0
13 2 0
16 3 0
14 3 0
14 3 0
14 3 0
14 3 0
14 3 0
14 3 0
14 3 0
14 3 0
14 3 0
14 3 0
14 3 0
14 3 0
14 3 0
14 3 0
14 3 0
14 3 0
14 3 0
14 3 0
14 3 0
14 3 0
14 3 0
14 3 0
14 3 0
14 3 0
14 3 0
14 3 0
14 3 0
14 3 0
10 0 0
13 3 0
14 3 0
14 3 0
14 3 0
14 3 0
14 3 0
14 3 0
14 3 0
14 3 0
14 3 0
14 3 0
14 3 0
14 3 0
14 3 0
14 3 0
14 3 0
14 3 0
14 3 0
14 3 0
14 3 0
14 3 0
14 3 0
14 3 0
14 3 0
14 3 0
14 3 0
14 3 0
14 3 0
14 3 0
14 3 0
14 3 0
14 3 0
14 3 0
14 3 0
14 3 1
14 3 1
14 3 1
14 3 0
1 0 0
14 3 0
14 3 0
14 3 0
14 3 0
14 3 1
14 3 0
1 0 0
14 3 1
14 3 0
14 3 0
14 3 0
14 3 0
14 3 0
14 3 0
14 3 0
14 3 0
14 3 0
14 3 0
14 3 0
14 3 0
14 3 0
14 3 0
14 3 0
14 3 1
14 3 0
14 3 0
14 3 0
14 3 0
14 3 0
14 3 0
14 3 0
14 3 0
14 3 1
14 3 0
14 3 0
14 3 1
14 3 0
14 3 0
14 3 0
14 3 0
14 3 0
14 3 0
14 3 0
14 3 0
14 3 0
14 3 0
14 3 0
14 3 0
14 3 0
14 3 0
14 3 0
14 3 0
14 3 0
14 3 0
18 3 0
26 4 1
24 4 0
31 4 1
31 4 0
23 4 0
29 4 0
29 4 0
30 4 0
30 4 0
46 5 0
37 4 0
44 5 0
39 4 0
43 5 0
43 5 0
46 5 0
37 4 0
38 4 1
50 5 1
1 0 0
5 0 0
83 6 0
88 6 0
80 6 0
67 5 1
14 4 0
1 0 0
12 0 0
14 3 0
88 6 1
112 7 0
14 3 0
20 4 0
18 3 1
20 4 0
17 3 0
19 3 0
19 3 0
19 3 0
17 3 0
17 3 0
17 3 0
18 3 0
14 3 0
13 3 0
14 3 1
14 3 0
32 4 0
32 4 0
48 5 0
63 5 1
173 11 0
14 3 0
22 4 0
21 4 1
14 3 0
1 0 0
23 4 0
19 3 0
17 3 0
20 4 0
19 3 2
14 3 0
1 0 0
3 0 0
17 3 0
61 5 1
19 3 0
22 4 0
158 10 1
18 4 0
1 0 0
5 0 0
19 3 0
18 3 0
20 4 0
16 3 0
14 3 0
14 3 0
191 11 2
14 3 0
1 0 0
20 4 0
1 0 0
7 3 0
185 11 1
18 3 0
22 4 0
20 4 1
1 0 0
19 3 0
21 4 0
173 11 0
14 3 0
24 4 0
21 4 0
22 4 0
23 4 0
20 4 0
22 4 0
18 3 0
23 4 0
21 4 0
19 3 0
17 3 0
17 3 0
21 4 0
5 2 0
12 3 0
48 5 0
50 5 1
14 3 0
22 4 1
188 11 0
21 4 0
19 3 0
19 3 0
13 3 0
14 3 0
80 6 1
14 4 0
1 0 0
12 0 0
14 3 0
14 3 1
14 3 0
84 6 1
16 3 0
14 3 0
14 3 0
27 4 0
18 3 0
14 3 0
14 3 0
14 3 0
14 3 0
14 3 0
14 3 0
14 3 0
14 3 0
14 3 0
14 3 0
14 3 0
14 3 0
14 3 0
14 3 0
14 3 0
14 3 0
14 3 0
14 3 0
14 3 0
14 3 0
14 3 0
14 3 0
14 3 0
14 3 0
14 3 0
14 3 0
14 3 0
14 3 0
14 3 0
14 3 0
14 3 0
14 3 0
14 3 1
14 3 0
14 3 1
14 3 0
14 3 0
14 3 0
14 3 0
14 3 0
14 3 0
14 3 0
14 3 0
14 3 0
14 3 0
14 3 1
14 3 1
14 3 0
14 3 0
14 3 0
14 3 0
14 3 0
14 3 0
14 3 0
14 3 0
14 3 0
14 3 0
14 3 0
14 3 0
14 3 0
14 3 0
14 3 0
14 3 0
14 3 0
14 3 0
14 3 0
14 3 0
14 3 0
14 3 0
14 3 0
14 3 0
14 3 0
14 3 0
14 3 0
14 3 0
14 3 0
14 3 0
14 3 0
14 3 0
14 3 0
14 3 0
14 3 0
14 3 0
14 3 0
14 3 0
14 3 0
14 3 0
14 3 0
14 3 0
14 3 0
14 3 0
14 3 0
14 3 0
14 3 0
14 3 1
14 3 0
14 3 0
14 3 0
14 3 0
14 3 0
14 3 0
14 3 0
14 3 0
14 3 0
14 3 0
14 3 0
14 3 0
14 3 0
14 3 0
14 3 0
14 3 0
14 3 1
14 3 0
14 3 0
14 3 0
14 3 0
14 3 1
14 3 0
14 3 0
14 3 0
14 3 0
14 3 0
14 3 0
14 3 1
14 3 1
14 3 0
14 3 0
14 3 0
14 3 0
14 3 0
14 3 0
14 3 0
14 3 0
14 3 0
14 3 0
14 3 0
14 3 0
14 3 0
14 3 0
14 3 0
14 3 1
14 3 0
14 3 0
14 3 0
14 3 0
14 3 0
14 3 0
14 3 0
14 3 0
14 3 0
14 3 0
14 3 1
14 3 0
14 3 0
14 3 0
14 3 1
14 3 0
14 3 0
14 3 0
14 3 0
14 3 0
14 3 0
14 3 1
14 3 0
14 3 0
14 3 0
14 3 1
14 3 0
14 3 0
14 3 0
14 3 0
14 3 0
14 3 0
14 3 0
14 3 0
14 3 0
14 3 0
14 3 0
14 3 0
14 3 0
14 3 0
14 3 0
14 3 0
14 3 0
14 3 0
14 3 0
14 3 0
14 3 1
14 3 0
14 3 0
14 3 0
14 3 0
14 3 0
14 3 0
14 3 0
14 3 0
14 3 0
14 3 0
14 3 0
14 3 0
14 3 0
14 3 1
14 3 0
14 3 0
14 3 0
14 3 0
14 3 0
14 3 0
14 3 0
14 3 0
14 3 0
14 3 0
14 3 0
14 3 0
14 3 0
14 3 0
14 3 0
14 3 0
14 3 0
14 3 0
14 3 0
14 3 0
14 3 0
14 3 0
14 3 0
14 3 0
14 3 0
14 3 0
14 3 1
14 3 1
14 3 0
14 3 0
14 3 0
14 3 0
14 3 0
14 3 0
14 3 0
14 3 0
14 3 0
14 3 0
14 3 0
14 3 0
14 3 0
14 3 0
14 3 0
14 3 0
14 3 0
14 3 0
14 3 0
14 3 0
14 3 0
14 3 0
14 3 0
14 3 0
14 3 0
14 3 0
14 3 0
14 3 1
14 3 0
14 3 0
14 3 0
14 3 0
14 3 0
14 3 1
14 3 0
14 3 0
14 3 0
14 3 0
14 3 0
14 3 0
14 3 0
14 3 0
14 3 0
14 3 1
14 3 0
14 3 0
14 3 0
14 3 0
14 3 0
14 3 0
14 3 0
14 3 0
14 3 0
14 3 0
14 3 0
14 3 1
14 3 1
14 3 0
14 3 0
14 3 0
14 3 0
14 3 0
14 3 0
14 3 0
14 3 0
14 3 0
14 3 0
14 3 0
14 3 0
14 3 0
14 3 0
14 3 0
14 3 0
14 3 0
14 3 0
14 3 0
14 3 0
14 3 0
14 3 1
14 3 0
14 3 0
14 3 0
14 3 0
14 3 0
14 3 0
14 3 0
14 3 0
14 3 0
14 3 0
14 3 0
14 3 0
14 3 0
14 3 0
14 3 0
14 3 0
14 3 0
14 3 0
14 3 0
14 3 0
14 3 0
14 3 0
14 3 0
14 3 0
14 3 0
14 3 0
14 3 0
14 3 0
15 3 1
14 3 0
14 3 0
14 3 0
14 3 0
14 3 0
14 3 0
14 3 0
14 3 0
14 3 0
14 3 0
14 3 0
14 3 0
14 3 0
14 3 0
14 3 0
14 3 0
14 3 0
14 3 0
14 3 0
14 3 0
14 3 0
14 3 0
14 3 0
14 3 0
14 3 1
14 3 1
14 3 1
14 3 0
14 3 1
9 0 0
14 3 0
14 3 0
14 3 0
14 3 0
14 3 0
14 3 0
14 3 0
14 3 0
14 3 0
14 3 0
14 3 0
14 3 0
14 3 0
14 3 0
14 3 0
14 3 0
14 3 0
14 3 0
14 3 0
14 3 0
14 3 0
14 3 0
14 3 0
14 3 0
14 3 0
14 3 0
14 3 1
14 3 0
14 3 0
14 3 0
14 3 0
14 3 1
14 3 0
14 3 0
14 3 0
14 3 0
14 3 0
14 3 0
14 3 0
14 3 0
14 3 0
14 3 0
14 3 0
14 3 0
14 3 0
14 3 0
14 3 0
14 3 0
14 3 0
14 3 1
14 3 0
14 3 0
14 3 0
14 3 0
14 3 0
14 3 0
14 3 0
14 3 0
14 3 0
14 3 0
14 3 0
14 3 0
14 3 0
14 3 0
14 3 1
14 3 0
14 3 0
14 3 0
14 3 0
14 3 0
14 3 0
14 3 0
14 3 0
14 3 0
14 3 0
14 3 0
14 3 0
14 3 0
14 3 0
14 3 0
14 3 0
14 3 0
14 3 0
14 3 0
14 3 0
14 3 0
14 3 0
14 3 0
14 3 0
14 3 0
14 3 0
14 3 1
14 3 0
14 3 0
14 3 0
14 3 0
14 3 0
14 3 0
14 3 0
14 3 0
14 3 0
14 3 0
14 3 0
14 3 0
14 3 0
14 3 0
14 3 0
14 3 1
14 3 0
14 3 0
14 3 0
14 3 0
14 3 0
6 2 0
103 5 1
96 5 1
95 5 0
19 3 0
23 3 0
14 3 0
24 3 0
19 3 0
22 3 0
17 3 0
20 3 0
30 3 0
32 3 1
36 3 0
32 3 0
18 3 0
14 3 0
15 3 0
24 3 1
74 4 0
74 4 1
44 5 1
1 0 0
43 0 0
85 5 1
93 5 0
79 4 0
19 3 0
18 3 0
12 2 0
21 3 0
14 3 0
14 3 0
21 3 0
15 3 0
20 3 0
29 3 0
30 3 0
14 3 0
14 3 0
26 3 1
66 4 0
28 3 0
18 3 0
19 3 0
111 5 1
20 3 0
14 3 0
14 3 1
14 3 0
54 4 0
14 3 0
40 3 0
14 3 0
36 3 0
31 3 1
29 3 0
29 3 0
35 3 0
31 3 1
29 3 0
29 3 0
28 3 0
28 3 0
29 3 1
27 3 0
27 3 0
31 3 0
29 3 0
27 3 0
28 3 0
26 3 0
27 3 0
27 3 0
28 3 0
29 3 0
28 3 0
29 3 0
28 3 0
28 3 0
29 3 0
27 3 0
27 3 0
27 3 1
27 3 0
27 3 0
28 3 0
33 3 0
30 3 0
29 3 1
28 3 0
28 3 0
27 3 0
28 3 0
27 3 0
26 3 0
27 3 0
30 3 0
30 3 0
28 3 1
25 0 0
22 3 1
26 3 0
27 3 0
27 3 0
28 3 0
28 3 0
27 3 0
26 3 0
27 3 0
25 3 1
26 3 1
20 0 0
20 3 0
25 3 0
26 3 0
29 3 0
32 3 0
28 3 0
29 3 0
27 3 0
27 3 0
26 3 0
28 3 0
26 3 1
29 3 0
31 3 0
30 3 0
28 3 0
28 3 0
27 3 0
27 3 0
26 3 0
28 3 0
26 3 0
28 3 0
26 3 0
28 3 0
27 3 0
28 3 0
27 3 0
28 3 1
27 3 1
27 3 0
27 3 0
27 3 0
29 3 0
34 3 0
30 3 2
29 3 0
28 3 0
32 3 0
31 3 1
30 3 0
31 3 0
28 3 0
29 3 0
28 3 0
28 3 0
27 3 0
25 3 0
26 3 0
26 3 1
27 3 0
25 3 0
26 3 0
28 3 0
28 3 0
27 3 0
27 3 0
26 3 0
27 3 0
26 3 0
27 3 0
26 3 0
28 3 0
30 3 0
33 3 0
29 3 0
28 3 0
27 3 0
29 3 1
30 3 0
30 3 0
30 3 0
33 3 0
30 3 0
30 3 0
27 3 1
28 3 0
28 3 0
29 3 0
29 3 1
28 3 0
28 3 1
29 3 0
28 3 0
159 7 2
14 3 0
20 3 0
28 3 1
35 3 0
41 4 0
41 4 0
29 3 0
28 3 0
34 3 0
33 3 0
45 4 0
43 4 0
40 3 0
31 3 0
36 3 1
25 3 1
41 4 0
57 4 0
45 4 0
22 3 0
26 3 0
27 3 0
32 3 0
51 4 0
61 4 1
30 3 1
36 3 1
35 3 1
44 4 1
38 3 0
24 3 0
26 3 0
33 3 0
42 4 1
49 4 0
32 3 0
31 3 0
29 3 0
25 3 0
40 3 2
16 3 0
1 0 0
15 0 0
31 3 0
37 3 0
53 4 0
33 3 1
11 3 0
1 0 0
19 0 0
33 0 0
31 4 0
27 3 0
24 3 0
23 3 0
23 3 1
29 3 0
39 3 0
59 4 0
38 3 0
39 3 1
32 3 0
24 3 0
35 3 0
39 3 0
47 4 1
28 3 0
28 3 1
30 3 1
33 3 0
49 4 0
38 3 0
36 3 0
29 3 0
27 3 0
30 3 1
40 3 1
49 4 0
32 3 0
28 3 0
41 4 0
44 4 0
56 4 0
36 3 0
25 3 0
27 3 0
30 3 0
37 3 0
53 4 2
38 3 0
38 3 0
35 3 0
26 3 0
25 3 0
30 3 0
29 3 0
45 4 1
52 4 0
49 4 0
42 4 0
28 3 1
25 3 0
33 3 0
32 3 0
37 3 0
37 3 0
30 3 0
37 3 0
34 3 0
40 3 0
24 3 1
30 3 0
27 3 0
42 4 0
48 4 0
39 3 0
30 3 0
34 3 0
33 3 0
31 3 0
35 3 0
35 3 0
29 3 1
29 3 0
31 3 0
39 3 0
52 4 0
1 3 0
42 4 1
39 3 0
59 4 1
29 3 0
28 3 0
23 3 0
26 3 0
39 3 0
54 4 0
62 4 0
14 3 0
14 3 0
14 3 0
14 3 1
14 3 0
30 3 0
28 3 0
18 3 0
40 3 0
55 4 0
38 3 0
14 3 0
17 3 0
19 3 0
40 3 0
31 3 0
29 3 0
29 3 0
30 3 0
40 3 0
34 3 1
34 3 0
35 3 0
45 4 1
38 3 0
32 3 1
39 3 0
38 3 1
36 3 0
37 3 0
48 4 1
38 3 1
34 3 0
31 3 0
30 3 1
150 10 1
172 11 0
14 3 0
1 0 0
24 4 1
1 0 0
61 7 0
1 0 0
64 0 1
14 3 0
11 4 0
1 0 0
11 0 0
2 2 0
1 2 0
1 2 0
2 2 0
17 3 0
14 3 0
14 3 0
25 4 0
37 4 0
14 3 0
32 4 0
31 4 0
14 3 0
14 3 0
52 5 1
35 4 0
47 5 0
13 3 0
17 3 0
133 9 0
19 3 0
17 3 0
13 3 0
17 3 0
188 11 1
16 3 0
1 0 0
14 3 0
39 4 0
17 3 0
14 3 0
14 3 0
14 3 0
71 6 0
14 3 0
14 3 0
24 4 0
17 3 0
14 3 0
14 3 0
14 3 0
14 3 0
14 3 0
14 3 0
14 3 0
14 3 0
14 3 0
14 3 0
14 3 0
14 3 0
14 3 0
14 3 0
14 3 0
14 3 0
14 3 1
14 3 0
14 3 0
14 3 0
14 3 0
14 3 0
14 3 0
14 3 0
14 3 1
14 3 0
14 3 0
14 3 0
14 3 0
14 3 1
14 3 1
14 3 0
14 3 0
14 3 0
14 3 0
14 3 0
14 3 0
14 3 0
14 3 0
14 3 0
14 3 1
14 3 0
14 3 0
14 3 0
14 3 0
14 3 0
14 3 0
14 3 1
14 3 0
14 3 0
14 3 0
14 3 0
14 3 0
14 3 0
14 3 0
14 3 0
14 3 0
14 3 0
14 3 0
14 3 0
14 3 0
14 3 0
14 3 0
14 3 0
14 3 0
14 3 0
14 3 0
14 3 0
14 3 0
14 3 0
14 3 0
14 3 0
14 3 0
14 3 0
14 3 0
14 3 0
14 3 0
14 3 0
14 3 0
14 3 0
14 3 0
14 3 0
14 3 0
14 3 0
14 3 0
14 3 0
14 3 0
14 3 0
14 3 0
14 3 0
14 3 0
14 3 0
14 3 0
14 3 0
14 3 0
14 3 0
14 3 0
14 3 0
14 3 0
14 3 0
14 3 0
14 3 0
14 3 1
14 3 0
14 3 1
14 3 0
14 3 0
14 3 0
14 3 0
14 3 0
14 3 0
14 3 0
14 3 0
14 3 1
14 3 0
14 3 0
15 3 1
14 3 0
14 3 0
14 3 0
14 3 0
14 3 0
14 3 0
14 3 0
14 3 0
14 3 0
14 3 0
14 3 0
14 3 0
14 3 0
14 3 0
14 3 0
14 3 0
14 3 0
14 3 0
14 3 0
14 3 0
14 3 0
14 3 0
11 0 0
7 3 0
14 3 0
14 3 0
14 3 0
14 3 1
14 3 0
14 3 0
14 3 0
14 3 0
14 3 0
14 3 0
14 3 0
14 3 0
14 3 1
14 3 0
14 3 0
14 3 0
14 3 0
14 3 0
14 3 0
14 3 0
14 3 0
14 3 0
14 3 0
14 3 0
14 3 0
14 3 0
14 3 0
14 3 0
14 3 0
14 3 0
14 3 0
14 3 0
14 3 0
14 3 0
14 3 0
14 3 0
14 3 0
14 3 0
14 3 0
14 3 0
14 3 0
14 3 0
14 3 0
14 3 0
14 3 0
14 3 0
14 3 0
14 3 0
14 3 0
14 3 0
14 3 0
14 3 0
14 3 0
14 3 0
15 3 1
14 3 0
14 3 0
14 3 0
14 3 0
14 3 0
14 3 0
14 3 0
14 3 0
14 3 0
14 3 0
14 3 0
14 3 0
14 3 0
14 3 0
14 3 0
14 3 0
14 3 0
14 3 0
14 3 0
14 3 0
14 3 0
14 3 0
14 3 0
14 3 0
14 3 0
14 3 0
14 3 0
14 3 0
14 3 0
14 3 0
14 3 0
14 3 0
14 3 0
14 3 0
14 3 0
14 3 0
14 3 0
14 3 0
14 3 0
14 3 0
14 3 0
14 3 0
14 3 1
14 3 0
14 3 0
14 3 0
14 3 1
14 3 1
14 3 0
14 3 0
14 3 0
14 3 0
14 3 0
14 3 0
14 3 1
14 3 0
14 3 0
14 3 1
14 3 0
14 3 0
14 3 1
14 3 0
14 3 0
14 3 1
14 3 0
14 3 0
14 3 0
14 3 0
14 3 0
14 3 0
14 3 0
14 3 0
14 3 0
14 3 0
14 3 1
14 3 1
14 3 0
14 3 0
14 3 0
14 3 0
14 3 0
14 3 0
14 3 0
14 3 0
14 3 0
14 3 0
14 3 1
15 3 1
14 3 0
14 3 0
14 3 0
14 3 1
14 3 0
14 3 0
14 3 0
14 3 0
14 3 0
14 3 0
14 3 0
14 3 0
14 3 0
14 3 0
14 3 0
14 3 0
14 3 0
14 3 0
14 3 0
14 3 0
14 3 0
14 3 0
14 3 0
14 3 0
14 3 0
14 3 0
14 3 0
14 3 0
14 3 0
14 3 0
14 3 0
14 3 0
14 3 0
14 3 0
14 3 0
14 3 0
14 3 0
14 3 0
14 3 0
14 3 0
14 3 0
14 3 1
14 3 0
14 3 0
14 3 0
14 3 1
14 3 0
14 3 0
14 3 0
14 3 0
14 3 0
14 3 1
14 3 0
14 3 0
14 3 0
14 3 0
14 3 0
14 3 0
14 3 0
14 3 0
14 3 0
14 3 0
14 3 0
14 3 0
14 3 0
14 3 0
14 3 0
9 0 0
4 3 0
14 3 0
14 3 0
14 3 0
14 3 0
14 3 0
14 3 0
14 3 0
14 3 0
14 3 0
14 3 0
14 3 1
14 3 0
14 3 0
14 3 0
14 3 0
14 3 0
14 3 0
14 3 0
14 3 0
14 3 0
14 3 1
14 3 1
14 3 1
14 3 0
14 3 1
14 3 0
14 3 1
14 3 0
14 3 0
14 3 0
14 3 0
14 3 0
14 3 0
14 3 0
14 3 0
14 3 0
14 3 0
14 3 0
14 3 0
14 3 0
14 3 0
14 3 1
14 3 0
14 3 0
14 3 0
14 3 1
14 3 0
14 3 0
14 3 0
14 3 0
14 3 0
14 3 1
14 3 0
14 3 0
14 3 0
14 3 0
14 3 0
14 3 0
14 3 0
14 3 0
14 3 1
14 3 0
14 3 0
14 3 0
14 3 0
14 3 0
14 3 0
14 3 0
14 3 0
14 3 0
14 3 0
14 3 0
14 3 0
14 3 1
14 3 0
14 3 0
14 3 0
14 3 0
14 3 0
14 3 0
14 3 0
14 3 0
14 3 0
14 3 0
14 3 0
14 3 0
14 3 0
14 3 0
14 3 0
14 3 0
14 3 1
14 3 0
14 3 0
14 3 0
14 3 0
14 3 0
14 3 0
14 3 0
14 3 0
14 3 0
14 3 0
14 3 0
14 3 0
15 3 1
14 3 0
14 3 0
14 3 0
14 3 1
14 3 0
14 3 0
14 3 0
14 3 0
14 3 0
14 3 1
14 3 0
14 3 0
14 3 0
14 3 0
14 3 0
14 3 0
14 3 0
14 3 0
14 3 0
14 3 0
14 3 0
14 3 0
14 3 0
14 3 0
14 3 0
14 3 0
14 3 0
14 3 0
14 3 0
14 3 0
14 3 0
14 3 0
14 3 0
14 3 0
14 3 0
14 3 0
14 3 0
14 3 0
14 3 0
14 3 0
14 3 0
14 3 0
14 3 1
14 3 1
14 3 0
14 3 0
14 3 0
14 3 0
14 3 0
14 3 0
14 3 0
14 3 0
14 3 0
14 3 0
14 3 0
14 3 0
14 3 0
14 3 0
14 3 0
14 3 0
14 3 0
14 3 0
14 3 0
185 11 0
125 5 0
84 6 0
69 5 0
12 3 0
13 3 0
14 3 0
14 3 0
14 3 0
20 4 0
20 4 0
19 3 0
13 3 0
30 4 1
23 4 0
14 3 0
25 4 0
14 3 0
35 4 1
39 4 0
31 4 0
14 3 0
120 7 0
19 3 0
17 3 0
4 2 0
17 3 0
142 10 0
21 4 0
16 3 0
16 3 0
14 3 0
24 4 0
147 10 1
16 3 0
13 3 0
14 3 0
14 3 0
92 6 1
173 11 1
14 3 0
23 4 0
19 3 0
17 3 0
17 3 0
19 3 0
17 3 0
18 3 0
9 3 0
13 3 0
6 2 0
1 2 0
154 10 1
24 4 0
1 0 0
17 0 0
48 5 0
39 4 1
30 4 1
39 4 0
33 4 0
37 4 0
39 4 0
37 4 0
37 4 0
37 4 1
37 4 0
38 4 1
43 5 0
36 4 0
38 4 0
43 5 0
50 5 1
50 5 0
47 5 0
34 4 0
42 5 1
30 4 0
38 4 0
35 4 0
31 4 0
33 4 0
29 4 1
28 4 1
36 4 0
30 4 0
44 5 0
40 4 0
43 5 0
36 4 0
36 4 0
28 4 0
28 4 0
28 4 0
25 4 1
30 4 0
38 4 0
27 4 0
41 4 0
32 4 0
23 4 0
33 4 0
32 4 0
39 4 0
38 4 1
36 4 0
24 4 1
37 4 1
43 5 0
45 5 0
28 4 0
31 4 0
29 4 0
29 4 0
29 4 0
49 5 2
43 5 0
47 5 1
38 4 0
38 4 0
28 4 0
31 4 0
40 4 0
42 5 0
49 5 1
30 4 0
30 4 0
27 4 0
36 4 0
43 5 0
52 5 1
30 4 0
34 4 1
27 4 0
43 5 0
36 4 0
38 4 1
34 4 0
27 4 1
42 4 2
47 5 0
41 4 0
39 4 0
26 4 1
33 4 0
33 4 0
34 4 0
46 5 0
32 4 0
25 4 0
19 3 0
24 4 0
26 4 0
32 4 0
27 4 1
37 3 0
43 4 0
25 3 0
31 3 1
32 3 0
42 4 0
41 4 0
41 4 0
29 3 0
37 3 0
34 3 0
38 3 0
36 3 1
34 3 1
33 3 0
34 3 0
29 3 0
42 4 0
34 3 0
25 3 1
37 3 0
35 3 0
50 4 1
27 3 0
30 3 0
39 3 0
38 3 1
17 3 0
1 0 0
20 0 0
38 3 0
33 3 0
47 4 0
40 3 0
39 3 0
38 3 0
27 3 0
34 3 0
30 3 0
29 3 0
32 3 0
31 3 0
38 3 0
39 3 0
30 3 0
25 3 0
27 3 0
36 3 0
48 4 0
50 4 0
29 3 0
39 3 1
21 3 0
1 0 0
15 0 0
30 3 0
33 3 0
39 3 0
29 3 0
31 3 0
39 3 1
28 3 0
34 3 1
26 3 0
33 3 0
50 4 0
41 4 0
29 3 0
30 3 0
33 3 0
43 4 0
49 4 0
45 4 1
55 4 0
48 4 0
39 3 1
43 4 0
32 3 0
31 3 1
26 3 0
1 0 0
27 3 0
24 3 0
42 4 0
32 3 1
26 3 0
37 3 1
25 3 0
34 3 0
49 4 1
39 3 1
32 3 0
28 3 1
33 3 1
37 3 0
46 4 0
28 3 0
25 3 0
37 3 0
40 3 0
51 4 0
38 3 0
40 3 0
37 3 1
35 3 0
35 3 0
41 3 1
32 3 0
38 3 0
32 3 0
30 3 0
25 3 0
41 4 0
38 3 0
32 3 1
34 3 0
29 3 1
33 3 1
37 3 0
33 3 0
29 3 0
29 3 0
37 3 0
32 3 0
29 3 0
39 3 0
28 3 0
32 3 0
31 3 0
31 3 0
37 3 0
42 4 0
41 4 0
37 3 1
29 3 0
28 3 0
34 3 0
30 3 0
40 3 0
36 3 1
31 3 1
17 3 0
1 0 0
23 0 0
39 3 0
38 3 1
35 3 1
34 3 2
39 3 1
33 3 0
31 3 1
42 5 0
40 4 0
45 5 0
30 2 1
29 4 0
21 4 0
36 4 0
37 4 0
28 4 0
30 4 0
33 4 0
33 4 0
33 4 1
33 4 0
46 5 0
29 4 0
36 4 0
36 4 0
29 4 0
43 5 0
35 4 0
32 4 0
25 4 0
27 4 0
36 4 0
35 4 0
58 5 1
31 4 0
35 4 0
41 4 0
31 4 1
34 4 1
19 4 0
1 0 0
16 0 0
35 4 0
32 4 1
35 4 0
43 5 1
38 4 0
31 4 1
29 4 0
33 4 0
29 4 0
29 4 2
36 4 0
1 0 0
35 4 0
54 5 0
35 4 0
34 4 0
29 4 0
38 4 0
38 4 0
37 4 0
30 4 1
33 4 0
45 5 1
32 4 0
34 4 0
35 4 1
13 4 0
1 0 0
17 0 0
29 4 0
32 4 0
41 4 0
36 4 1
29 4 0
34 4 0
34 4 1
31 4 0
34 4 0
36 4 0
33 4 0
33 4 0
29 4 0
34 4 1
19 4 0
1 0 0
19 0 0
27 4 0
46 5 0
39 4 0
42 5 0
40 4 0
30 4 0
33 4 0
32 4 0
36 4 0
43 5 0
36 4 0
31 4 0
31 4 0
33 4 2
43 5 0
31 4 0
39 4 0
34 4 0
26 4 0
37 4 0
30 4 1
28 4 0
32 4 0
31 4 0
37 4 0
33 4 0
32 4 0
35 4 0
45 5 0
33 4 0
40 4 0
37 4 0
42 5 0
34 4 0
34 4 0
36 4 0
34 4 0
40 4 1
36 4 0
29 4 1
32 4 0
33 4 0
36 4 0
36 4 1
28 4 0
33 4 0
34 4 0
35 4 0
37 4 0
31 4 0
29 4 0
28 4 0
37 4 0
47 5 1
40 4 0
51 5 1
26 4 0
28 4 0
30 4 1
29 4 0
34 4 0
37 4 0
49 5 1
38 4 0
25 4 0
28 4 1
36 4 0
42 4 1
49 5 1
36 4 0
27 4 1
43 5 0
48 5 0
34 4 0
37 4 1
32 4 0
31 4 0
37 4 0
31 4 1
17 4 0
1 0 0
11 0 1
39 4 0
34 4 0
33 4 1
36 4 0
30 4 0
36 4 2
50 5 0
28 4 0
34 4 0
42 5 0
29 4 0
30 4 0
31 4 0
41 4 0
33 4 0
36 4 0
30 4 0
31 4 0
29 4 0
37 4 0
50 5 0
31 4 0
26 4 0
30 4 2
37 4 0
54 5 0
41 4 0
40 4 0
36 4 0
32 4 1
31 4 0
26 4 0
25 4 0
37 4 0
32 4 0
36 4 0
32 4 0
36 4 0
32 4 1
37 4 0
35 4 0
40 4 0
31 4 0
34 4 0
35 4 0
33 4 0
34 4 0
35 4 1
26 4 0
32 4 0
33 4 0
31 4 0
35 4 0
37 4 2
37 4 0
40 4 0
40 4 1
43 5 0
36 4 0
35 4 0
126 7 0
22 4 0
24 4 0
19 3 0
21 4 1
21 4 0
20 4 0
24 4 0
23 4 0
30 4 0
37 4 0
33 4 0
38 4 1
39 4 0
32 4 0
23 4 0
21 4 0
22 4 0
29 4 0
26 4 0
36 4 0
30 4 0
40 4 0
46 5 0
28 4 0
24 4 0
27 4 0
43 4 2
42 5 1
34 5 1
1 0 0
18 0 0
19 4 0
1 0 0
15 0 0
42 5 0
29 4 0
29 4 0
40 4 0
40 4 0
45 5 0
31 4 0
28 4 0
30 4 0
30 4 1
37 4 0
42 5 1
30 4 0
1 0 0
31 4 0
32 4 1
44 5 0
38 4 0
33 4 0
29 4 0
30 4 0
43 5 0
34 4 0
33 4 1
33 4 0
32 4 0
35 4 0
32 4 0
37 4 0
43 5 0
32 4 0
31 4 0
35 4 1
31 4 0
34 4 1
21 4 0
1 0 0
20 0 0
34 4 0
35 4 0
30 4 0
40 4 0
40 4 0
40 4 1
42 5 0
30 4 0
37 4 0
36 4 1
29 4 0
37 4 0
28 4 1
28 4 0
38 4 0
33 4 0
32 4 0
32 4 0
32 4 0
37 4 0
35 4 1
32 4 0
35 4 0
38 4 0
36 4 0
43 5 0
32 4 0
32 4 0
29 4 0
40 4 1
33 4 1
36 4 0
36 4 0
37 4 2
33 4 1
36 4 0
37 4 0
37 4 0
35 4 0
36 4 0
34 4 1
39 4 0
40 3 0
34 3 0
24 3 0
31 0 0
28 4 0
34 3 0
32 3 1
32 3 0
31 3 0
39 3 1
30 3 0
38 3 0
41 4 0
31 3 1
32 3 0
32 3 0
38 3 0
69 4 0
54 4 0
54 4 0
77 4 0
66 4 1
51 4 0
55 4 0
48 4 0
46 4 0
50 4 0
36 3 0
32 3 0
40 3 0
47 4 0
29 3 1
30 3 0
29 3 0
30 3 0
33 3 0
34 3 0
45 4 0
50 4 1
45 4 0
47 4 0
43 4 1
42 4 0
43 4 0
39 3 1
20 4 0
1 0 0
23 0 0
41 4 0
50 4 1
46 4 0
46 4 0
52 4 0
71 4 0
40 3 1
46 4 0
40 3 0
31 3 1
35 3 1
27 4 0
32 4 0
35 4 0
30 4 0
31 4 1
37 4 0
22 4 0
20 4 0
24 4 0
24 4 0
23 4 0
32 4 0
43 5 0
35 4 0
31 4 1
32 1 0
33 4 0
36 4 0
44 5 0
42 4 1
33 4 1
29 4 0
36 4 1
45 5 0
43 5 1
40 4 0
37 4 0
38 4 0
34 4 0
29 4 0
32 4 0
32 4 0
39 4 1
26 4 0
25 4 1
26 4 0
24 4 0
23 4 0
31 4 0
27 4 1
28 4 0
1 0 0
34 4 0
36 4 0
50 5 0
57 5 0
71 6 1
57 5 0
51 5 0
51 5 1
52 5 0
45 5 0
59 5 0
62 5 1
52 5 1
44 5 0
32 4 1
30 4 0
1 0 0
31 4 0
38 4 0
28 4 0
26 4 0
28 4 0
32 4 0
30 4 0
37 4 0
31 4 0
31 4 0
36 4 0
41 4 0
38 4 0
34 4 1
34 4 1
34 4 0
35 4 0
21 4 0
21 4 0
22 4 0
7 3 0
22 4 0
26 4 0
38 4 0
43 5 0
45 5 0
36 4 0
33 4 0
30 4 0
25 4 0
21 4 0
34 4 2
35 4 0
58 5 0
56 5 0
53 5 0
47 5 0
43 5 0
51 5 1
37 4 0
35 4 0
43 5 0
39 4 0
35 4 0
39 4 0
36 4 0
35 4 0
36 4 0
40 4 0
39 4 0
28 4 0
27 4 1
25 4 0
23 4 0
23 4 0
33 4 0
31 4 0
32 4 0
52 5 0
37 4 0
42 5 0
45 5 0
39 4 0
40 4 0
37 4 0
38 4 0
35 4 0
32 4 0
28 4 0
30 4 0
33 4 0
28 4 1
31 4 0
21 4 0
24 4 0
18 3 0
18 3 1
24 4 0
19 3 0
28 4 0
22 4 0
27 4 0
33 4 0
39 4 1
39 4 0
26 4 0
27 4 0
30 4 0
36 4 0
41 4 0
28 4 0
27 4 0
29 4 0
32 4 0
37 4 0
39 4 1
36 4 0
40 4 0
43 5 1
28 4 0
30 4 2
31 4 0
25 4 0
30 4 0
29 4 0
27 4 0
35 4 0
27 4 0
27 4 0
26 4 0
23 4 0
24 4 0
25 4 0
26 4 0
27 4 0
33 4 0
36 4 0
53 5 1
40 4 0
41 4 1
50 5 0
53 5 0
48 4 0
48 4 0
42 4 0
40 3 0
34 3 0
32 3 0
35 3 1
29 3 3
31 3 1
42 5 0
35 4 2
31 4 1
31 4 0
33 4 1
31 4 0
31 4 0
34 4 1
45 5 3
28 4 0
29 4 0
37 4 1
41 4 1
38 4 1
31 7 0
1 0 0
33 0 0
60 7 1
54 7 3
53 7 3
36 6 0
1 0 0
14 0 0
1 0 0
43 6 0
35 6 2
25 5 0
20 5 0
18 4 0
25 5 0
28 5 0
41 6 1
43 6 0
43 6 1
46 6 2
41 6 1
38 6 0
37 6 0
36 6 0
39 6 0
34 5 1
36 6 1
33 5 1
36 6 0
28 5 3
34 6 0
25 5 0
26 5 0
30 5 1
28 5 0
30 5 0
36 6 0
37 6 0
32 5 0
41 0 1
21 7 2
39 6 0
48 6 2
43 6 1
38 6 2
40 6 3
40 6 1
40 6 0
36 6 1
34 6 1
34 6 1
32 5 0
31 5 1
29 5 1
31 5 0
28 5 1
33 5 0
30 5 0
34 6 1
30 5 0
31 5 0
28 5 0
30 5 0
38 6 4
34 6 1
37 6 0
34 6 0
31 5 0
31 5 0
34 5 1
39 6 0
40 6 0
40 6 0
39 6 0
34 6 1
33 5 0
30 5 0
36 6 2
42 6 0
40 6 0
39 6 2
31 5 0
38 6 0
26 5 0
25 5 1
29 5 1
24 5 0
24 5 2
25 5 0
23 5 0
24 5 1
22 5 0
26 5 0
25 5 0
23 5 2
25 5 0
20 5 2
19 4 0
26 5 0
22 5 0
21 5 1
25 5 2
27 5 0
30 5 0
30 5 0
34 6 0
39 6 0
39 6 0
37 6 0
43 6 0
41 6 1
54 7 2
56 7 0
59 7 1
67 7 1
55 7 1
40 6 0
41 6 1
45 6 0
42 6 1
43 6 1
37 6 0
39 6 1
47 6 0
32 5 0
30 5 1
34 6 0
29 5 0
27 5 0
14 0 0
1 6 0
13 5 0
1 0 0
14 0 1
27 5 0
25 5 0
30 5 1
31 5 1
27 5 1
30 5 1
37 6 0
34 6 0
43 6 1
27 5 1
32 5 1
34 5 1
27 5 0
32 5 0
33 5 0
31 5 1
41 6 1
32 5 1
41 6 0
42 6 1
19 6 0
1 0 0
26 0 0
33 5 0
30 5 0
37 6 1
41 6 2
33 5 0
34 6 0
21 5 0
32 5 0
25 5 0
24 5 0
29 5 1
29 5 0
1 0 0
34 6 1
44 6 0
51 7 2
46 6 0
48 6 2
62 7 0
1 0 0
60 7 2
53 7 1
15 7 1
54 7 1
49 6 0
43 6 2
30 5 1
1 0 0
1 0 0
39 6 1
41 6 1
40 6 0
55 7 2
45 6 2
38 6 0
31 5 0
27 5 0
22 5 0
23 5 1
21 5 0
31 5 0
33 5 0
28 5 1
28 5 0
37 6 0
36 6 1
36 6 0
38 6 0
37 6 0
45 6 2
31 5 1
31 5 0
39 6 0
35 6 2
36 6 0
42 6 0
35 6 1
34 6 1
35 6 0
39 6 1
45 6 2
28 5 0
34 6 0
28 5 0
32 5 1
24 5 1
31 5 0
30 5 0
28 5 0
32 5 0
36 6 0
43 6 1
34 6 0
1 0 0
33 5 0
22 0 0
35 6 2
38 6 0
36 6 2
49 6 0
43 6 0
46 6 1
35 6 0
33 5 1
32 5 0
31 5 0
34 5 1
39 6 0
35 6 0
31 5 1
35 6 1
36 6 1
25 5 0
26 5 0
33 5 0
35 6 0
34 5 2
34 6 2
29 5 2
33 5 0
25 5 0
20 5 0
17 4 0
21 5 0
18 4 0
23 5 0
33 5 1
42 6 1
40 6 0
31 0 0
22 6 1
33 5 1
32 5 0
31 5 0
32 5 1
36 6 0
29 5 0
32 5 1
26 5 2
28 5 0
40 6 0
37 6 0
41 6 0
51 7 1
48 6 0
51 7 0
55 7 0
72 8 1
39 6 1
32 5 0
34 5 4
26 5 1
23 5 0
28 5 0
27 5 1
22 5 1
35 6 1
33 5 1
36 6 0
33 5 0
23 5 0
37 6 1
46 6 1
50 6 0
57 7 1
55 7 1
48 6 1
1 0 0
1 0 0
66 7 2
43 6 2
17 5 0
1 0 0
16 0 1
1 0 0
28 5 1
26 5 1
26 5 1
33 5 0
33 5 0
30 5 0
30 5 0
31 6 1
33 6 0
22 5 0
22 5 2
14 4 0
19 5 1
15 4 0
21 5 0
17 5 0
23 5 0
20 5 0
24 5 2
21 5 0
33 6 0
28 6 0
26 5 1
25 5 1
36 6 0
29 6 0
27 6 0
29 6 0
41 7 1
31 6 0
44 7 1
31 6 0
29 6 0
30 6 1
27 6 1
26 5 1
24 5 0
25 5 0
22 5 0
22 5 0
22 5 1
22 5 0
1 0 0
32 6 0
26 5 2
20 5 0
1 0 0
6 0 0
28 6 0
32 6 0
42 7 2
35 6 0
32 6 2
36 6 2
36 6 3
36 6 0
89 9 4
44 10 1
1 0 0
62 0 1
1 0 0
104 12 2
1 0 0
26 9 2
1 0 0
37 0 1
57 9 3
2 0 0
29 9 1
1 0 0
26 0 1
1 0 0
33 9 0
1 0 0
30 0 1
20 7 0
1 0 0
13 0 0
1 0 0
2 0 0
55 9 2
51 9 0
33 7 1
49 8 0
46 8 0
34 7 0
26 6 0
30 7 0
32 7 3
22 6 0
1 0 0
24 6 0
29 7 1
27 6 2
13 7 0
1 0 0
24 0 0
29 7 0
37 7 0
36 7 0
41 8 1
36 7 1
29 7 1
35 7 0
1 0 0
30 7 0
30 7 1
28 6 2
35 7 1
24 6 0
1 0 0
28 7 0
33 7 0
34 7 0
39 7 2
39 8 0
40 2 1
12 7 0
3 0 1
31 7 0
33 7 2
33 7 3
27 6 0
28 6 1
29 7 0
27 6 1
38 7 3
32 7 0
32 7 1
34 7 2
45 8 2
46 8 2
44 8 1
36 7 1
40 8 0
44 8 1
45 8 1
38 7 2
37 7 2
34 7 0
37 7 3
35 7 0
34 7 0
5 0 0
26 7 1
36 7 4
38 7 2
18 7 1
1 0 0
16 0 0
37 7 0
41 8 2
47 8 2
51 9 1
1 0 0
41 8 0
35 7 0
37 7 1
30 7 1
28 7 1
27 6 1
37 7 0
39 7 1
31 7 0
31 7 1
36 7 1
48 8 1
44 8 2
50 8 3
36 7 2
32 7 1
30 7 1
29 7 3
25 6 0
33 7 1
28 7 1
1 0 0
23 6 1
23 6 1
34 7 0
35 7 2
28 6 1
31 7 1
37 7 1
36 7 1
32 7 1
34 7 0
31 7 0
33 7 4
28 7 1
34 7 0
35 7 1
36 7 1
38 7 0
37 7 3
31 7 0
33 7 2
33 7 1
41 8 1
44 8 0
41 8 2
39 8 3
37 7 2
37 7 2
29 7 0
22 6 0
22 6 0
22 6 1
24 7 1
23 6 1
22 6 1
24 7 0
33 7 1
30 7 0
37 8 1
37 8 1
33 8 1
69 10 2
35 8 1
28 7 0
29 7 2
23 6 1
28 7 1
30 7 0
25 7 0
26 7 1
61 10 1
33 8 0
39 8 0
23 6 0
26 7 1
27 7 2
28 7 1
25 7 0
26 7 1
25 7 0
24 7 1
23 6 0
24 7 0
27 7 0
29 7 5
31 7 3
38 8 1
86 12 1
41 8 0
41 8 1
35 8 1
13 7 1
1 0 0
15 0 1
29 7 0
1 0 0
29 7 3
30 7 1
26 7 0
35 8 0
32 7 1
70 11 4
37 8 1
20 6 0
28 7 0
27 7 0
24 7 0
33 8 1
29 7 2
29 7 1
30 7 2
28 7 0
34 8 1
43 8 2
44 8 1
37 8 0
31 7 0
28 7 0
28 7 2
25 7 2
23 6 1
2 0 0
1 0 0
23 6 1
23 6 1
1 0 0
23 6 0
20 6 1
27 7 0
29 7 0
18 6 2
18 6 0
20 6 0
24 7 0
34 8 0
36 8 4
34 8 0
37 8 1
36 8 0
41 8 3
33 7 1
36 8 3
32 7 1
24 7 0
28 7 2
36 8 0
30 7 1
34 8 0
32 7 1
33 8 1
13 8 0
1 0 0
24 0 0
34 8 0
30 7 1
29 7 0
28 7 1
32 7 0
33 8 2
13 8 1
1 0 0
26 0 0
36 8 0
39 8 0
41 8 1
45 8 6
24 7 1
25 7 0
24 7 0
28 7 0
30 7 3
30 7 1
36 8 1
34 8 2
32 7 0
35 8 0
36 8 0
34 8 0
32 7 3
21 8 0
1 0 0
12 0 0
1 0 0
35 8 2
38 8 0
50 9 4
41 8 2
40 8 1
35 8 2
25 7 1
23 6 0
26 7 0
24 7 1
19 6 0
25 7 0
30 7 0
28 7 0
26 7 0
41 8 4
53 9 0
47 9 1
19 9 3
1 0 0
34 0 2
62 10 1
50 9 5
50 9 0
51 9 1
45 9 2
34 8 1
35 8 0
34 8 0
44 8 2
33 7 2
35 8 2
33 8 0
32 7 1
18 7 0
1 0 0
11 0 0
38 8 1
29 7 2
36 8 3
23 8 0
1 0 0
11 0 0
35 7 0
32 7 1
49 8 0
46 8 1
36 7 0
30 7 1
40 8 1
33 7 2
33 7 0
37 7 0
46 8 0
32 7 1
28 6 1
27 6 2
31 7 0
26 6 0
22 6 0
18 6 0
18 6 1
22 6 0
30 7 2
31 7 0
26 6 2
36 7 1
23 6 0
32 7 0
44 8 1
34 7 1
33 7 1
34 7 0
46 8 2
52 9 4
40 8 2
25 6 1
33 7 2
31 7 1
42 8 1
48 8 3
32 7 1
35 7 3
30 7 1
30 7 1
43 8 1
45 9 3
42 8 1
37 8 1
27 7 2
37 8 1
52 9 4
28 7 0
33 8 0
32 7 0
44 9 0
28 7 2
33 7 1
41 8 4
19 7 0
1 0 0
10 0 0
38 8 0
31 7 1
25 0 3
8 8 0
41 8 1
41 8 0
39 8 0
36 8 0
26 7 0
25 7 0
37 8 2
40 8 1
32 7 1
36 8 1
36 8 1
40 8 1
39 8 0
42 8 0
29 7 1
41 8 1
37 8 1
26 7 1
37 8 1
34 8 2
32 7 4
31 7 2
38 8 0
39 8 2
59 10 4
33 11 3
1 0 0
43 0 1
1 0 0
133 18 11
2 0 0
19 8 2
1 0 0
21 0 3
4 0 0
31 8 2
1 0 0
7 0 0
2 0 0
23 8 3
1 0 0
20 0 0
5 0 0
3 0 0
34 12 2
1 0 0
11 0 0
40 16 4
1 0 0
35 0 2
1 0 0
1 0 0
34 11 2
4 0 0
1 0 0
73 15 8
26 12 4
1 0 0
17 0 2
2 0 0
18 11 1
1 0 0
17 0 0
1 0 0
32 10 2
33 11 3
36 11 1
32 10 1
42 12 3
30 10 2
25 9 2
25 9 1
5 10 1
38 11 0
30 10 0
33 11 3
30 10 2
12 9 1
1 0 0
13 0 0
21 8 1
22 9 4
22 9 2
1 0 0
21 8 1
21 8 1
25 9 1
27 10 4
23 9 2
25 9 2
22 9 1
23 9 0
29 10 3
28 10 3
43 12 1
35 11 2
34 10 3
41 12 1
37 11 4
42 12 3
10 9 0
1 0 0
12 0 0
25 9 1
25 9 0
31 10 4
29 10 2
38 11 3
39 11 5
32 10 2
30 10 3
25 9 2
30 10 2
32 10 2
46 12 3
33 11 2
33 11 1
43 12 3
36 11 1
42 11 3
43 12 1
48 12 8
48 13 2
42 12 2
46 12 4
51 13 7
49 13 2
33 11 5
12 11 1
1 0 0
22 0 4
1 0 0
1 0 0
32 10 2
30 10 3
32 13 4
1 0 0
17 0 0
1 0 0
2 0 0
49 13 6
31 12 2
1 0 0
15 0 3
3 0 0
41 12 0
38 12 1
38 11 4
40 12 3
37 11 4
38 12 1
38 11 3
38 12 2
47 13 1
26 12 2
1 0 0
14 0 1
28 12 2
1 0 0
13 0 2
28 12 0
1 0 0
13 0 2
1 0 0
44 12 1
45 13 1
33 11 1
38 12 4
16 10 2
1 0 0
13 0 0
1 0 0
18 11 1
1 0 1
18 0 0
17 11 1
1 0 0
20 0 1
40 12 1
44 12 4
20 12 3
1 0 0
18 0 0
1 0 0
35 11 4
1 0 0
40 12 1
40 12 9
47 13 6
33 11 2
2 0 0
33 11 2
27 10 1
33 11 3
28 10 3
31 11 0
46 13 4
40 12 5
35 15 2
1 0 0
27 0 1
2 0 0
37 14 4
1 0 0
19 0 2
43 12 5
2 0 0
53 14 5
4 0 0
24 12 5
1 0 0
19 0 0
1 0 0
14 12 1
1 0 0
28 0 0
1 0 0
5 0 0
21 11 2
1 0 0
15 0 0
12 11 1
1 0 0
21 0 1
1 0 0
33 11 3
12 11 0
1 0 0
20 0 4
1 0 0
33 11 2
21 11 2
1 0 0
12 0 1
1 0 0
1 0 0
31 11 2
13 11 1
1 0 0
19 0 0
33 11 2
34 11 3
44 12 4
29 10 1
32 11 1
34 11 1
33 11 3
35 11 3
35 11 1
35 11 3
48 12 5
32 11 2
37 11 4
50 13 6
53 14 3
61 15 8
64 15 7
20 11 2
1 0 0
13 0 1
2 0 0
1 0 0
31 11 3
16 11 0
1 0 0
20 0 1
37 11 4
36 11 2
30 10 2
28 10 2
31 11 0
32 10 2
26 10 3
23 9 2
22 9 2
25 10 3
14 7 0
21 9 3
22 9 1
23 9 3
26 10 1
40 12 4
42 12 6
36 11 1
39 12 0
35 11 4
40 12 5
38 12 3
36 11 0
39 12 2
35 11 1
33 11 2
29 10 1
30 10 2
31 11 1
33 11 3
39 11 3
33 11 3
36 11 2
47 13 5
53 14 7
42 12 5
41 12 2
39 12 4
36 11 2
44 14 3
45 13 3
50 14 8
37 12 2
29 11 1
28 11 0
31 11 2
30 11 3
64 16 7
38 12 4
33 12 1
31 11 4
29 11 2
25 10 0
21 9 0
22 10 5
26 10 2
18 9 1
19 9 0
21 9 1
36 12 2
26 10 1
28 11 1
32 12 5
25 10 5
2 0 0
2 0 0
34 12 1
30 11 2
27 10 3
27 11 1
30 11 2
28 11 0
27 11 2
32 12 3
1 0 0
33 12 3
46 14 3
36 12 2
39 13 2
14 12 1
1 0 0
21 0 1
38 13 5
15 12 4
1 0 0
20 0 1
1 0 0
2 0 0
29 11 2
13 11 2
1 0 0
17 0 1
1 0 0
1 0 0
32 12 1
37 12 1
37 12 4
33 12 0
1 0 0
34 12 1
24 10 2
32 11 2
25 10 0
39 13 2
33 12 3
36 12 2
52 15 3
38 12 5
22 13 1
1 0 0
20 0 1
47 14 4
18 12 0
1 0 1
18 0 2
2 0 0
28 11 2
18 9 1
41 13 5
8 19 0
14 8 0
14 8 2
42 13 2
23 10 4
20 9 4
19 9 3
20 9 0
16 8 2
20 9 2
18 9 0
20 9 1
26 10 0
32 12 0
35 12 3
33 12 1
75 18 6
38 13 2
30 11 5
27 10 1
28 11 0
26 10 0
12 0 0
24 10 1
23 10 1
32 12 0
1 0 0
21 9 1
19 9 1
35 12 2
22 10 0
30 11 2
22 10 0
41 6 6
20 15 0
1 0 0
30 0 1
43 13 2
17 15 1
1 0 0
34 0 1
26 10 3
58 16 3
19 15 2
1 0 0
33 0 1
57 16 4
1 0 0
36 16 3
1 0 0
24 0 3
53 14 6
100 22 8
22 13 0
1 0 1
18 0 0
2 0 0
21 13 3
1 0 0
17 0 1
1 0 1
20 9 3
2 0 0
20 11 0
1 0 0
11 0 1
1 0 0
33 11 4
36 12 0
35 12 3
36 12 1
41 13 2
25 10 4
28 11 3
33 12 2
34 12 3
38 12 3
41 13 2
47 14 4
54 15 4
60 16 6
63 15 8
48 18 4
1 0 0
41 0 3
4 0 0
5 0 0
45 13 2
78 16 11
33 11 4
40 12 6
3 0 0
12 8 0
1 0 0
6 0 0
3 0 0
21 9 1
19 8 3
1 0 0
25 10 1
30 10 4
24 9 0
1 0 0
65 21 7
19 8 1
45 13 2
13 7 0
1 0 0
1 0 0
27 10 2
24 9 3
30 10 4
1 0 0
3 0 0
18 8 1
23 9 0
27 10 3
1 0 0
10 9 3
1 0 0
10 0 0
27 10 4
1 0 0
22 9 1
21 9 2
1 0 0
1 0 0
26 10 3
65 21 6
1 0 0
1 0 0
26 10 4
31 11 3
1 0 0
29 10 4
1 0 0
28 11 2
1 0 0
4 0 0
3 0 0
25 12 1
1 0 1
15 0 0
60 15 6
23 13 0
1 0 0
25 0 0
42 12 3
40 12 2
35 11 1
37 12 1
27 10 2
30 10 1
23 9 3
21 9 1
22 9 2
25 10 2
21 9 2
1 0 0
23 9 3
22 9 0
31 10 4
25 10 0
30 10 2
80 17 3
20 9 1
21 9 1
25 10 0
21 9 2
21 9 3
23 9 0
30 10 2
23 9 2
26 1 1
1 0 1
43 12 5
29 10 7
32 11 1
12 10 0
1 0 0
17 0 0
42 12 1
30 10 1
40 12 1
12 9 1
1 0 0
12 0 0
42 12 2
31 11 1
21 11 0
1 0 0
11 0 0
28 10 0
51 14 1
28 15 0
1 0 0
35 0 2
12 11 1
1 0 0
20 0 0
32 11 3
33 11 1
1 0 0
38 12 3
23 12 0
1 0 0
16 0 0
1 0 0
45 13 2
42 12 0
50 14 1
52 14 3
48 13 4
1 0 0
23 12 2
1 0 0
18 0 1
2 0 0
3 0 0
43 12 1
109 21 4
46 13 0
36 11 0
34 11 0
37 11 1
45 13 1
36 11 1
48 13 2
31 11 1
38 12 0
29 10 0
35 11 0
31 11 0
31 11 1
29 10 3
33 11 0
29 10 0
25 10 1
23 9 0
23 9 1
25 10 0
25 10 1
38 12 0
31 11 3
35 11 0
39 12 1
41 12 2
36 11 1
33 11 1
30 10 0
33 11 1
30 10 1
23 9 1
61 15 2
30 10 0
34 11 1
30 10 0
36 11 0
27 10 1
26 10 0
35 11 2
32 11 0
99 20 3
35 11 2
35 11 1
1 0 0
32 11 1
31 11 1
32 11 0
32 11 0
28 10 0
31 11 1
43 12 5
34 10 2
32 10 1
24 9 1
22 8 0
25 9 2
31 10 0
34 10 2
28 9 1
43 12 0
1 0 0
30 10 1
37 11 2
32 10 0
45 12 2
115 20 7
30 9 1
33 10 0
34 10 0
32 10 2
29 9 1
26 9 0
20 8 2
34 10 2
32 10 2
29 9 0
29 9 1
33 10 0
37 11 1
14 10 0
1 0 0
20 0 0
42 10 2
47 11 2
39 10 2
41 10 1
40 10 1
37 10 0
40 10 2
16 10 1
1 0 0
22 0 1
37 10 2
39 10 0
1 0 0
43 11 1
40 10 0
51 11 0
40 10 0
42 10 3
31 10 2
1 0 0
4 0 0
1 0 0
2 0 0
48 11 1
50 11 2
45 11 2
45 11 0
40 10 0
34 9 2
74 14 2
34 9 0
37 7 1
39 8 0
32 7 0
33 7 0
34 7 1
34 7 0
36 7 2
41 8 3
41 0 1
24 8 3
15 7 2
1 0 0
16 0 0
35 7 1
41 8 1
42 8 2
45 8 0
47 8 0
48 8 3
44 8 0
43 8 0
37 7 2
46 8 0
37 7 2
31 7 4
40 8 1
43 8 1
37 7 2
34 7 0
35 7 0
35 7 0
35 7 0
42 8 1
50 8 2
37 7 2
40 8 1
2 0 0
37 7 1
34 7 2
34 7 2
39 8 0
1 0 0
42 8 1
40 8 3
40 8 0
25 6 0
29 7 0
26 6 0
29 7 1
33 7 0
31 7 0
39 8 1
41 8 0
41 8 0
44 8 3
37 7 2
40 8 2
40 8 1
41 8 0
43 8 0
38 7 0
26 6 1
34 7 0
33 7 0
28 7 0
35 7 1
26 6 0
23 6 0
34 7 1
33 7 1
74 10 1
30 7 1
28 7 0
31 7 1
37 7 0
32 7 0
24 6 2
29 7 2
28 7 2
16 6 3
1 0 0
12 0 1
27 6 4
38 7 0
41 8 1
30 7 1
36 7 1
1 0 0
1 0 0
35 7 3
33 7 0
28 7 1
34 7 0
41 8 3
33 7 1
35 8 1
35 8 0
45 9 0
35 8 0
31 8 3
21 8 1
1 0 0
10 0 0
36 8 0
39 8 1
33 8 0
83 12 1
37 8 2
22 8 1
1 0 0
14 0 0
18 8 0
1 0 0
14 0 0
33 8 1
18 7 0
1 0 0
9 0 0
29 8 1
12 8 0
1 0 0
20 0 0
29 8 0
28 7 0
29 8 1
22 7 0
1 0 0
5 0 0
28 7 2
32 8 1
35 8 2
32 8 1
47 9 4
31 8 1
34 8 2
15 8 0
1 0 0
18 0 1
32 8 1
36 8 0
38 8 2
38 8 2
43 9 3
49 10 0
100 14 1
33 8 1
38 8 0
41 9 2
39 9 0
7 11 3
31 8 0
29 8 1
31 8 2
28 7 2
28 7 0
28 7 1
38 8 1
29 8 0
32 8 0
41 9 0
35 8 0
35 8 1
38 8 1
1 0 0
41 9 1
79 12 1
44 9 1
45 9 2
37 8 3
36 8 0
30 8 3
33 8 1
30 8 1
34 8 0
30 8 1
39 9 0
24 7 0
25 7 0
29 8 0
34 8 0
35 8 2
33 8 0
32 8 0
33 8 0
29 8 0
32 8 0
28 7 0
33 8 0
37 8 2
42 9 1
43 9 0
47 9 0
36 8 1
42 9 0
35 8 0
33 8 1
33 8 2
34 8 0
35 8 0
36 8 1
30 8 0
51 10 0
49 9 1
34 8 0
33 8 2
35 8 1
62 11 2
22 7 1
38 8 1
30 8 1
29 8 2
33 8 1
18 6 1
20 6 0
21 7 1
23 7 0
19 6 0
24 7 0
21 7 0
25 7 0
26 7 0
27 7 1
25 7 0
24 7 0
24 7 1
19 6 1
20 6 0
16 6 0
18 6 0
17 6 0
20 6 0
20 6 1
21 7 0
23 7 1
21 7 2
21 7 0
21 7 0
14 6 0
16 6 0
16 6 0
25 7 2
24 7 1
31 8 1
34 8 2
37 8 1
37 8 0
52 10 0
70 11 1
62 11 0
61 11 1
25 9 1
1 0 0
33 0 2
63 9 1
55 9 2
54 9 2
44 4 0
23 8 0
1 8 0
26 0 1
43 8 0
37 7 0
37 7 2
37 7 0
42 8 1
41 8 0
45 8 1
42 8 0
31 7 2
30 7 0
24 6 0
26 6 1
23 6 1
34 7 0
40 8 1
38 7 0
39 8 0
34 7 2
34 7 1
43 8 1
41 8 1
45 8 0
38 7 0
34 7 0
26 6 0
32 7 0
32 7 1
37 0 0
1 8 2
56 9 4
63 9 2
51 8 1
57 9 3
50 8 1
1 0 0
1 0 0
47 7 2
44 7 0
52 7 0
39 7 3
32 7 1
32 7 0
26 6 0
30 7 0
26 6 1
32 7 0
51 9 0
44 8 0
39 8 0
34 7 1
33 7 1
32 7 1
31 7 0
29 7 0
29 7 1
48 8 2
32 7 0
31 7 0
23 6 0
23 6 0
25 6 0
27 6 1
25 6 1
32 7 1
25 6 1
25 6 0
28 7 0
24 6 1
22 6 0
31 7 0
41 8 1
28 7 2
29 7 0
33 7 0
42 8 1
35 7 2
48 8 0
40 8 1
35 7 0
31 7 1
31 7 0
29 7 0
33 7 0
30 7 1
31 7 0
32 7 0
40 8 1
47 8 1
35 7 0
38 7 0
45 8 0
37 7 1
39 7 1
36 7 2
39 8 0
1 0 0
32 7 0
36 7 1
40 8 0
35 7 0
33 7 0
34 7 2
23 9 1
34 7 0
43 8 0
44 8 2
41 8 2
39 8 0
35 7 1
32 7 0
36 7 1
25 6 0
25 6 0
33 7 1
28 7 0
35 7 1
27 6 0
24 6 0
22 6 1
27 6 1
22 6 1
21 6 0
25 6 1
23 6 1
21 6 2
17 5 0
14 5 0
16 5 0
20 6 1
14 5 0
25 6 0
31 7 1
28 7 0
22 6 1
22 6 2
22 6 0
22 6 0
31 7 0
26 6 1
43 8 1
31 7 0
36 7 2
37 7 0
32 7 0
34 7 1
30 7 0
31 7 0
30 7 0
35 7 2
34 7 0
29 7 0
27 6 0
28 7 0
28 7 0
27 6 0
33 7 0
33 7 0
34 7 0
32 7 0
30 7 1
39 8 0
46 8 0
64 10 0
43 8 0
47 8 0
44 8 0
40 8 0
49 8 0
50 8 0
57 9 0
51 9 0
61 9 2
44 8 0
26 6 0
32 7 0
37 7 0
37 7 0
38 7 1
38 7 1
31 7 0
33 7 0
33 0 0
43 8 1
26 6 0
1 0 0
29 7 1
32 7 0
34 6 2
35 6 0
33 6 0
41 7 0
29 6 0
36 6 1
35 6 0
32 6 0
29 6 0
27 6 0
26 5 1
26 5 0
32 6 0
23 5 0
26 5 0
25 5 0
21 5 0
30 6 0
27 6 1
27 6 0
23 5 0
24 5 1
23 5 0
24 5 0
26 5 1
31 6 0
29 6 0
28 6 0
30 6 0
34 6 0
32 6 1
34 6 0
109 10 0
37 6 0
32 6 0
28 6 0
35 6 1
33 6 0
27 6 0
29 6 0
25 5 0
26 5 1
25 5 0
5 0 0
26 5 0
27 6 0
30 6 0
31 6 0
44 7 1
45 7 0
37 6 1
38 6 0
37 6 0
33 6 0
32 6 1
28 6 0
30 6 0
30 6 0
29 6 0
34 6 0
31 6 0
34 6 0
34 6 0
34 6 1
44 7 1
47 7 1
36 6 0
39 6 0
42 7 0
35 6 0
36 6 0
35 6 1
33 6 0
32 6 0
34 6 0
28 6 0
31 6 1
31 6 0
35 6 0
32 6 0
35 6 0
48 7 0
49 7 0
32 6 0
41 7 0
41 7 0
37 6 1
37 6 0
37 6 0
36 6 0
41 7 0
42 7 0
39 6 0
41 7 0
36 6 0
36 6 0
36 6 0
39 6 0
52 7 0
45 7 1
43 7 1
42 7 1
47 7 1
40 7 0
1 0 0
35 6 0
29 6 0
37 6 0
32 6 0
33 6 0
31 6 0
40 7 0
41 7 0
31 6 0
43 7 0
31 6 0
35 6 1
34 6 0
38 6 0
40 6 0
40 6 0
33 5 0
35 6 0
35 6 0
31 5 1
34 6 0
33 5 0
39 6 0
19 4 0
20 5 0
25 5 0
28 5 0
25 5 0
28 5 1
30 5 0
36 6 0
37 3 0
34 3 0
36 3 0
35 3 0
32 3 1
33 3 0
31 3 0
24 3 0
20 3 1
22 3 0
55 4 1
30 3 0
30 3 0
35 3 0
32 3 0
32 3 0
30 3 0
28 3 0
30 3 1
24 3 0
1 0 0
6 0 0
37 3 0
33 3 0
36 3 0
31 3 0
33 3 1
38 3 0
31 3 0
92 5 2
37 3 0
23 3 0
19 3 1
25 3 0
19 3 0
22 3 0
18 3 0
27 3 0
20 3 0
25 3 0
29 3 0
23 3 0
32 3 0
26 3 0
26 3 0
35 3 0
29 3 0
50 4 1
36 3 0
42 4 0
52 4 1
37 4 0
1 0 0
28 0 0
82 4 0
70 4 0
55 4 0
39 3 0
29 3 0
35 3 1
34 3 0
44 4 0
29 3 0
30 3 0
33 3 0
47 4 0
25 3 0
31 3 0
34 3 0
34 3 1
12 3 0
1 0 0
10 0 0
43 4 0
50 4 0
90 5 1
40 3 1
49 4 0
48 4 0
26 3 0
26 3 0
27 3 0
32 3 0
25 3 1
20 3 0
20 3 0
18 3 0
16 3 1
16 3 0
17 3 0
14 3 0
24 3 0
33 3 0
25 3 0
24 3 0
33 3 0
32 3 0
34 3 0
31 3 0
35 3 0
30 3 0
33 3 0
40 3 1
36 3 1
40 3 1
30 3 0
31 3 0
107 7 1
25 4 0
28 4 0
28 4 0
26 4 1
26 4 0
32 4 1
27 4 0
24 4 0
24 4 0
35 4 0
27 4 1
24 4 0
30 4 0
28 4 1
21 4 0
31 4 0
31 4 0
42 5 0
31 4 0
26 4 0
29 4 0
40 4 0
45 5 0
38 4 0
31 4 0
30 4 0
29 4 0
53 5 0
41 4 1
48 5 0
31 4 0
31 4 0
34 4 0
52 5 0
40 4 0
35 4 0
18 3 0
24 4 0
40 4 0
38 4 0
45 5 0
29 4 0
28 4 0
29 4 0
30 4 1
40 4 1
56 5 0
43 5 0
34 4 0
29 4 0
30 4 0
36 4 0
34 4 0
43 5 0
29 4 0
37 4 0
33 4 0
32 4 1
39 4 0
29 4 0
31 4 0
41 4 1
10 0 1
47 5 2
32 4 0
37 4 0
37 4 1
32 4 0
29 4 0
30 4 0
38 4 0
39 4 0
17 4 1
31 4 1
35 4 0
31 4 0
60 5 0
68 5 2
26 6 0
1 0 0
48 0 0
1 0 0
63 5 1
47 5 1
1 0 0
20 4 0
1 0 0
21 0 0
50 5 1
45 5 1
128 7 2
22 4 0
24 5 1
1 0 0
23 0 0
14 4 0
1 0 0
13 0 0
44 5 0
28 4 0
49 5 2
46 5 1
41 4 1
35 4 0
46 6 0
28 5 0
35 5 2
32 5 0
34 5 1
41 5 1
33 5 0
29 5 1
22 4 0
23 4 0
23 4 0
27 5 0
25 4 0
19 4 0
16 4 1
19 4 0
28 5 0
40 5 0
54 6 0
53 6 0
55 6 0
41 5 1
62 6 1
71 7 1
61 6 1
36 6 0
1 0 0
24 0 1
39 5 0
41 5 2
37 5 1
31 5 0
25 4 0
27 5 0
35 5 1
32 5 1
29 5 0
32 5 0
33 5 0
40 5 1
44 5 0
44 5 0
50 6 1
15 5 1
1 0 0
30 0 1
40 5 1
42 5 0
49 6 0
37 5 1
51 6 0
40 5 0
46 6 0
39 5 0
31 5 0
29 5 0
27 5 0
24 4 1
24 4 0
21 4 1
24 4 1
18 4 0
28 5 2
25 4 0
34 5 2
26 4 0
27 5 1
16 4 0
14 4 0
18 4 0
19 4 0
16 4 0
17 4 1
25 4 0
19 4 0
33 5 2
24 4 0
36 5 1
30 5 0
29 5 0
28 5 0
40 5 1
27 5 0
23 4 0
34 5 0
31 5 0
29 5 0
32 5 0
29 5 1
32 5 1
29 5 0
28 5 1
30 5 1
27 5 0
27 5 0
36 5 0
43 5 0
30 5 0
32 5 0
30 5 0
31 5 2
34 5 0
34 5 0
35 5 1
28 5 0
43 5 0
14 0 0
11 5 1
29 5 0
41 5 0
39 5 1
43 5 1
43 5 1
28 5 1
25 4 0
28 5 0
40 5 0
39 5 0
44 5 0
33 5 1
33 5 0
36 5 0
34 5 0
38 5 0
39 5 0
38 5 0
32 5 0
34 5 0
31 5 0
36 5 0
29 5 0
26 4 0
28 5 1
35 5 0
30 5 1
38 5 1
48 6 0
34 5 0
37 5 0
36 5 0
31 5 0
30 5 0
28 5 0
34 5 0
29 5 0
29 5 0
42 5 0
40 5 0
40 5 1
33 5 0
31 5 1
27 4 1
38 5 0
32 5 0
31 5 0
36 5 0
35 5 0
38 5 1
35 5 1
35 5 0
34 5 0
33 5 0
37 5 0
42 5 1
35 5 0
35 5 0
32 5 0
34 5 0
31 5 0
32 5 0
40 5 0
35 5 0
41 5 1
31 5 0
34 5 0
35 5 1
34 5 0
41 5 0
37 5 0
46 6 0
39 5 0
28 5 0
31 5 0
36 5 1
27 5 0
31 5 0
41 5 0
34 5 1
39 5 0
41 5 0
32 5 0
37 5 1
35 5 0
32 5 1
35 5 1
33 5 0
30 5 0
34 5 0
30 5 0
36 5 1
40 5 0
33 5 2
34 5 0
35 5 0
30 5 0
29 5 0
26 4 0
27 5 0
31 5 0
40 5 0
39 5 0
28 5 1
27 5 0
32 5 0
31 5 0
41 5 0
45 5 2
41 5 0
41 5 0
37 5 1
43 5 1
39 5 0
32 5 0
31 5 1
60 6 0
38 5 0
76 7 0
69 7 0
74 7 0
60 6 0
60 6 1
61 5 2
32 4 0
30 4 0
29 4 1
26 4 0
32 4 0
30 4 0
28 4 0
30 4 0
30 4 0
30 4 0
37 4 1
37 4 0
37 4 0
31 4 0
33 4 0
41 4 0
39 4 0
42 4 1
35 4 0
40 4 1
31 4 0
41 4 0
39 4 0
38 4 0
35 4 1
31 4 1
36 4 0
1 0 0
41 4 0
35 4 0
38 4 0
37 4 0
43 5 0
32 4 0
28 4 0
34 4 0
28 1 0
7 4 0
1 0 1
23 0 0
29 4 0
41 4 0
39 4 1
32 4 0
25 4 0
26 4 0
29 4 0
26 4 0
24 4 0
27 4 0
26 3 1
24 3 0
22 3 1
23 3 0
18 3 0
22 3 0
29 3 0
26 3 0
30 3 1
20 3 0
20 3 0
14 3 0
14 3 0
26 3 0
19 3 0
25 3 0
23 3 0
26 3 0
39 3 0
32 3 1
37 3 0
29 3 0
24 3 0
21 3 0
30 3 0
2 0 0
8 3 0
26 3 0
42 4 0
26 3 0
35 3 0
30 3 0
45 4 0
36 3 0
22 3 0
42 4 0
43 4 1
36 3 0
26 3 0
27 3 1
30 3 0
47 4 0
35 3 1
33 3 0
37 3 0
34 3 0
29 3 0
29 3 0
29 3 0
48 4 0
42 4 1
44 4 1
28 3 0
23 3 0
27 3 0
37 3 0
44 4 0
41 4 1
27 3 0
27 3 1
27 3 0
35 3 0
43 4 0
40 3 0
25 3 0
