6 0 107
6 0 68
1 0 68
1 0 62
1 0 62
1 0 62
1 0 74
1 0 74
1 0 51
1 0 51
1 0 66
1 0 66
14 0 44
14 0 51
14 0 51
14 0 64
13 0 64
14 0 65
15 0 65
14 0 63
14 0 63
16 1 70
11 0 74
7 0 60
3 0 58
3 0 58
3 0 58
3 0 62
3 0 62
3 0 63
3 0 63
3 1 70
4 0 70
3 0 70
10 0 79
4 0 60
3 0 60
3 0 60
3 0 65
3 0 65
3 0 65
3 0 65
3 0 65
3 0 66
3 0 70
3 0 70
3 0 70
3 0 70
3 0 70
3 0 70
3 0 59
3 0 59
3 0 59
3 0 57
3 0 57
3 0 57
3 0 54
3 0 54
3 0 54
3 0 51
3 0 51
3 0 51
3 0 65
3 0 65
3 0 65
3 0 62
3 0 62
3 0 62
3 0 62
3 0 66
3 0 66
3 0 69
3 0 69
3 0 69
3 0 65
3 0 65
4 0 65
3 0 65
13 0 56
14 0 56
14 0 115
16 0 115
14 1 65
14 1 65
14 0 67
14 0 69
17 0 69
14 0 72
14 0 72
14 0 75
16 0 75
14 0 69
16 0 67
14 0 70
14 0 70
12 0 54
14 0 54
14 0 63
13 0 63
2 0 64
1 0 52
125 1 88
61 0 70
19 1 66
14 0 70
14 0 70
13 0 94
14 1 94
64 1 74
14 0 67
14 1 67
27 0 80
14 0 80
14 0 56
14 0 58
14 0 84
14 0 86
14 0 89
14 0 79
14 0 70
14 1 68
10 0 65
1 0 65
4 0 65
14 0 68
14 0 76
14 0 76
14 0 114
14 0 116
14 0 131
14 0 127
14 0 59
14 0 59
14 0 75
14 0 75
14 0 64
14 0 64
14 0 64
14 0 65
14 0 65
14 0 60
14 0 62
14 0 77
14 0 77
14 0 74
14 0 74
14 0 62
14 0 62
14 0 63
14 0 65
14 0 78
14 0 82
14 0 78
14 0 73
14 0 61
14 0 61
14 0 66
14 0 70
14 0 72
14 0 74
14 0 75
14 0 74
14 1 139
14 0 62
14 0 60
14 0 60
14 0 63
14 1 62
14 0 60
14 0 63
14 0 73
14 0 79
14 0 83
14 0 60
14 0 61
14 0 64
14 0 55
14 0 55
14 0 63
14 0 63
14 0 72
14 0 75
14 0 81
14 0 69
14 0 72
14 0 80
14 0 72
14 0 72
14 0 158
14 0 131
14 0 94
14 0 79
14 0 76
14 0 70
14 0 64
14 0 59
14 0 66
14 0 91
14 0 104
14 0 102
14 0 87
14 0 78
14 0 85
14 0 85
14 0 72
14 0 82
14 0 83
14 1 57
14 0 57
14 0 62
14 0 51
14 0 56
14 0 57
14 0 67
14 0 70
14 0 71
14 0 59
14 0 59
14 0 60
14 0 60
14 0 61
14 0 63
14 0 62
14 0 62
14 0 72
14 0 74
14 0 59
14 0 59
14 0 73
14 0 73
14 0 64
14 0 64
14 0 80
14 0 81
14 0 84
14 0 82
14 0 65
14 0 64
14 0 64
14 0 61
29 0 70
24 0 110
28 0 90
38 0 69
28 0 73
32 1 91
17 1 107
1 0 138
21 0 138
48 0 80
1 0 80
37 1 107
34 1 66
1 0 66
16 0 45
1 0 45
15 0 45
41 0 79
53 1 75
16 0 96
1 0 87
25 0 87
43 0 155
32 0 90
29 1 84
32 1 97
1 0 92
46 1 92
89 1 108
1 0 108
99 0 97
83 2 99
13 0 59
1 0 59
8 0 59
99 0 121
112 0 88
14 0 76
20 0 80
18 0 75
20 0 81
17 1 82
17 0 71
17 0 70
13 0 70
3 0 75
12 0 141
14 0 48
21 1 75
28 0 98
30 0 73
53 0 76
14 0 63
26 0 106
48 0 119
64 1 84
15 0 57
13 0 133
13 0 156
152 2 125
19 0 81
1 0 81
17 0 63
173 3 179
14 0 130
1 0 130
22 0 74
2 0 65
20 1 63
19 0 107
80 1 161
1 0 154
94 2 145
14 0 96
2 0 96
20 0 85
24 0 89
23 0 81
14 0 73
23 0 57
21 0 56
21 0 56
21 0 54
21 0 84
17 0 63
19 1 64
18 0 74
18 1 93
12 0 82
1 0 82
13 0 86
122 1 94
10 0 57
1 0 57
7 0 57
14 0 75
13 0 75
22 0 92
156 0 172
14 0 68
14 0 73
25 0 67
95 0 126
29 0 81
15 0 77
14 0 77
14 0 69
14 0 72
14 0 73
86 2 84
16 0 75
14 0 79
27 1 83
18 0 75
14 1 67
14 0 67
14 1 85
14 0 85
14 0 77
14 0 81
14 0 145
14 0 51
14 0 69
2 0 60
14 0 60
14 0 60
14 0 62
14 0 62
14 0 69
14 1 70
14 0 72
14 0 72
14 0 75
14 0 78
14 1 70
14 0 65
14 0 66
14 0 67
14 0 81
14 0 81
14 0 57
14 0 57
14 0 74
6 0 74
13 0 90
14 0 90
14 1 82
14 0 72
14 0 110
14 0 65
14 0 65
14 0 76
14 0 76
14 0 76
14 0 89
14 0 89
14 0 89
14 0 59
14 0 64
14 0 72
14 0 66
14 0 66
14 0 76
14 0 80
14 0 79
14 1 79
14 0 71
15 1 70
14 0 65
14 0 75
14 0 77
14 0 79
14 0 61
14 0 62
14 0 68
14 0 104
14 0 107
14 0 76
14 0 70
14 0 70
14 0 62
14 0 62
14 0 74
14 2 74
14 0 70
14 0 69
14 0 70
14 0 71
14 0 70
14 0 70
14 0 69
14 0 69
14 0 71
14 1 71
14 0 68
14 0 67
14 0 64
14 0 61
14 0 63
14 0 67
14 0 63
14 0 67
14 0 70
14 0 67
14 1 67
14 0 103
14 0 130
14 0 59
14 0 61
14 1 62
14 0 57
14 0 57
14 0 56
14 0 56
14 0 55
14 0 55
14 0 55
14 0 66
14 0 66
14 0 66
14 0 62
14 0 62
14 0 62
14 0 68
14 0 71
14 0 71
14 0 86
14 0 86
14 0 86
14 0 74
14 0 65
14 0 65
14 0 60
14 0 60
14 0 60
14 0 60
14 0 64
14 0 63
14 0 63
14 0 60
14 0 57
14 0 57
14 0 66
14 0 66
14 0 66
14 0 68
14 0 68
14 0 68
14 0 73
14 0 36
14 1 53
14 0 53
14 0 56
14 0 62
14 0 62
14 0 62
14 0 62
14 0 62
14 0 62
14 1 56
14 0 56
14 0 56
14 0 65
14 0 65
14 0 65
14 0 64
14 0 63
14 0 63
14 0 63
14 0 63
14 0 63
14 0 63
14 0 61
14 0 61
14 0 61
14 0 61
14 0 61
14 0 61
14 0 60
14 0 60
14 0 60
14 0 57
14 1 57
14 0 65
14 0 71
14 0 71
14 0 65
14 0 65
14 0 63
14 0 63
14 1 63
14 0 62
14 0 62
14 0 62
14 1 72
14 0 80
14 1 39
14 0 39
14 0 72
14 0 72
14 0 72
14 0 67
14 0 67
14 0 77
14 0 77
14 0 77
14 0 59
14 1 59
14 0 59
14 0 59
14 0 59
14 0 61
14 0 61
14 0 59
14 0 59
14 0 58
14 0 57
14 0 57
14 0 60
14 0 64
14 0 64
14 0 69
14 0 69
14 0 66
14 0 66
14 0 65
14 0 76
14 0 76
14 0 71
14 0 68
14 0 67
14 0 61
14 0 56
14 0 79
14 0 110
14 0 110
14 0 57
14 0 57
14 0 59
14 0 67
14 1 67
14 0 67
14 0 68
14 0 68
14 0 59
14 1 59
14 0 61
14 0 65
14 0 65
14 0 60
14 0 60
14 0 60
14 0 55
14 0 55
14 0 55
14 0 57
14 0 57
14 0 63
14 0 63
14 0 63
14 0 61
14 0 60
14 0 60
14 0 60
14 0 58
14 0 58
14 0 58
14 0 55
14 0 55
14 1 55
14 0 76
14 0 76
14 0 71
14 0 67
14 0 57
14 0 57
14 0 77
14 0 104
14 0 104
14 1 55
14 0 66
14 0 66
14 0 62
14 0 62
14 0 62
14 0 59
14 0 59
14 0 62
14 0 76
14 0 76
14 0 70
14 0 63
14 0 63
14 0 57
14 0 57
14 0 57
14 0 64
14 0 64
14 0 63
14 0 63
14 0 63
14 0 65
14 0 65
14 0 76
14 0 76
14 0 66
14 0 57
14 0 57
14 0 59
14 0 61
14 0 59
14 0 59
14 0 60
14 0 60
14 0 62
14 0 65
14 0 65
14 0 60
14 0 60
14 0 75
14 0 34
14 0 41
14 0 68
14 0 68
14 0 75
14 0 75
14 0 70
14 0 58
14 0 58
14 0 65
14 0 65
14 0 62
14 0 60
14 0 60
14 0 59
14 0 59
14 0 59
14 0 56
14 0 56
14 0 56
14 0 55
14 0 55
14 0 55
14 0 62
14 0 62
14 0 62
14 0 63
14 0 63
14 1 61
14 0 58
14 0 70
14 0 63
14 0 63
14 0 63
14 0 63
14 0 57
14 0 57
14 0 62
14 0 62
14 0 60
14 1 55
14 0 55
14 0 81
14 0 32
14 0 32
14 0 45
14 0 45
14 1 52
14 0 52
14 0 52
14 0 58
14 0 58
14 0 57
14 0 57
14 0 57
14 0 60
14 0 61
14 0 61
14 0 66
14 0 71
14 0 71
14 0 71
14 0 64
14 1 64
14 0 64
14 0 60
14 0 57
14 0 57
14 0 64
14 1 64
14 0 64
14 0 68
14 1 68
14 0 61
14 0 57
14 0 55
14 0 56
14 0 58
14 1 58
14 0 69
14 0 68
14 0 68
14 0 68
14 0 118
14 0 108
14 0 53
14 1 58
14 0 65
14 0 65
14 0 61
14 1 61
14 0 61
14 0 57
14 0 56
14 0 56
14 0 54
14 0 54
14 0 56
14 0 61
14 0 61
14 1 61
14 0 63
14 1 63
14 0 63
14 1 57
14 0 54
14 0 54
14 0 55
14 0 58
14 0 58
14 0 58
14 0 54
14 1 54
14 0 54
14 0 60
14 0 60
14 0 58
14 0 61
14 0 61
14 0 61
14 0 61
14 1 61
14 0 61
14 0 59
14 0 59
14 0 59
14 0 54
14 0 54
14 0 103
14 0 70
14 0 64
14 0 64
14 0 64
14 0 66
14 0 66
14 0 65
14 0 60
14 1 60
14 0 59
14 0 58
14 1 58
14 0 63
14 0 68
14 0 68
14 1 62
14 0 61
14 0 61
14 1 60
14 0 60
14 0 57
14 0 52
14 0 52
14 0 63
14 0 63
14 0 60
14 0 57
14 0 57
14 0 65
14 0 67
14 0 49
14 0 66
14 0 66
14 1 66
14 0 56
14 0 56
14 0 56
14 0 62
14 0 62
14 0 86
14 0 86
14 0 95
14 0 120
14 0 55
14 0 55
14 0 57
14 0 58
14 1 58
14 0 70
151 1 99
61 0 66
19 0 61
14 0 61
14 0 61
20 0 61
14 0 58
22 0 58
30 0 72
33 0 72
54 0 61
19 0 58
14 0 58
61 1 60
17 0 60
23 1 83
110 0 74
20 1 60
14 0 56
14 0 65
14 0 66
56 1 65
14 0 65
39 0 55
22 1 54
33 0 57
31 0 57
29 0 56
28 1 56
27 0 58
28 0 91
25 0 91
26 0 65
26 0 70
30 0 64
28 0 59
28 1 63
27 0 66
27 0 66
27 1 71
27 0 66
27 0 58
28 1 63
27 0 63
28 0 62
28 1 55
28 0 55
30 0 66
29 0 66
28 0 61
27 0 61
26 0 59
26 0 57
26 0 51
28 0 51
28 1 63
27 1 63
25 0 60
26 1 59
26 0 59
26 0 54
25 0 54
25 0 58
25 0 61
25 0 61
24 0 57
24 1 57
23 0 67
25 1 87
24 0 87
24 0 36
24 0 58
29 0 58
28 0 56
26 1 56
25 1 56
26 0 59
25 0 59
26 0 61
25 0 60
25 0 60
26 0 69
27 1 67
27 0 66
27 0 63
27 0 60
27 0 60
27 0 61
30 0 61
28 1 58
28 0 58
27 0 66
28 0 58
30 0 58
29 0 58
27 0 58
27 0 72
27 0 72
26 0 64
27 0 64
26 0 61
26 0 61
26 0 61
26 0 59
27 1 59
26 0 66
27 0 69
26 0 69
30 1 63
27 0 59
26 0 59
26 0 67
26 1 67
25 0 64
27 0 64
25 0 65
26 1 67
27 0 60
27 0 65
27 0 70
28 0 62
27 0 60
28 1 58
27 0 57
26 0 57
26 0 52
25 0 52
25 0 57
27 0 52
29 1 52
27 0 59
26 0 61
26 0 62
26 0 65
26 0 65
26 0 61
26 0 61
25 0 61
26 1 64
24 0 64
25 0 57
24 1 57
24 0 61
24 0 68
24 0 51
24 0 51
28 0 58
26 0 58
25 0 58
26 1 52
26 0 52
27 1 61
27 0 61
25 0 62
26 0 63
25 0 70
27 0 77
26 0 69
26 0 67
26 0 65
27 0 61
28 0 61
28 0 62
28 0 63
28 0 57
27 0 67
31 0 63
32 1 66
29 0 69
28 0 70
29 0 70
27 1 67
29 1 67
27 0 57
27 1 57
27 0 105
27 0 105
28 1 54
27 0 54
28 0 60
30 0 60
29 0 62
28 0 63
28 0 63
27 0 58
25 0 58
26 0 61
25 0 62
26 0 65
25 0 67
26 0 62
27 0 62
26 0 57
27 0 57
28 1 67
27 1 67
27 0 61
27 0 58
27 0 47
27 0 58
30 0 58
29 0 59
28 0 60
27 0 56
27 1 55
26 0 56
27 1 69
26 0 69
159 1 70
14 1 50
16 0 50
28 1 91
43 0 91
38 0 43
29 0 65
34 0 65
35 0 66
41 0 66
37 0 70
33 0 70
38 0 67
34 1 67
32 0 96
50 0 99
69 1 65
53 0 63
26 1 67
25 0 61
24 0 60
29 1 67
40 0 37
51 0 66
39 0 73
36 0 77
28 0 79
23 0 79
26 0 76
35 0 76
46 0 70
57 0 67
55 0 71
24 0 56
22 0 42
20 0 63
31 0 63
38 0 60
45 0 60
23 0 70
28 1 70
32 0 63
50 0 57
56 0 58
50 0 69
24 0 78
23 1 73
25 0 62
1 0 62
36 0 62
46 0 57
63 1 60
14 0 55
16 0 55
15 0 55
17 0 67
22 1 67
27 0 65
17 0 65
26 1 66
53 0 68
37 0 77
31 0 81
31 0 42
29 1 58
28 0 65
30 0 65
29 0 67
27 0 67
28 0 66
29 1 62
28 0 62
26 0 55
41 0 55
25 0 57
66 1 57
22 0 64
25 1 64
25 0 77
83 1 71
18 0 57
23 1 57
29 0 72
32 0 72
30 0 75
82 2 67
18 0 63
23 0 61
27 0 61
25 0 79
74 1 68
20 0 83
21 1 102
26 0 102
32 1 58
31 1 59
68 1 65
21 0 66
23 0 57
25 0 57
72 0 62
150 2 112
13 0 92
2 0 96
14 0 145
185 3 134
21 0 101
2 0 66
14 0 66
1 0 66
10 0 66
24 0 62
14 0 62
24 0 69
19 0 69
21 0 60
23 0 60
21 0 61
17 0 69
19 0 56
15 0 62
4 0 62
14 0 74
129 0 78
17 0 58
16 0 67
13 0 73
23 0 73
186 0 84
14 0 81
13 0 81
13 0 87
14 0 93
37 0 77
16 0 65
14 0 71
72 1 68
14 0 63
14 0 63
25 1 61
17 0 61
14 0 61
14 0 55
14 0 55
14 0 55
14 0 60
14 0 61
14 0 61
14 0 60
14 0 59
14 0 59
14 0 61
14 0 51
14 1 51
14 0 58
14 0 63
14 0 63
14 0 62
14 0 62
14 0 62
14 0 67
14 0 71
14 0 71
14 1 71
14 0 64
14 0 64
14 0 64
14 0 66
14 0 66
14 0 64
14 0 59
14 0 59
14 0 59
14 0 59
14 0 65
14 0 68
14 0 68
14 0 57
14 0 54
14 0 65
14 0 65
14 0 66
14 0 66
14 0 59
14 0 59
14 0 59
14 0 60
14 0 60
14 0 62
14 0 74
14 0 74
14 0 70
14 0 62
14 0 62
14 0 67
14 0 68
14 0 65
14 0 65
14 0 62
14 0 62
14 0 62
14 0 61
14 0 61
14 0 61
14 0 67
14 0 67
14 0 67
14 0 64
14 0 64
14 0 64
14 0 71
14 0 72
14 0 72
14 0 72
14 0 62
14 0 62
14 0 60
14 0 57
14 0 57
14 0 57
14 0 64
14 0 64
14 0 69
14 0 57
14 0 48
14 0 48
14 0 51
14 0 51
14 0 51
14 1 83
14 0 83
14 0 83
14 0 75
14 0 75
14 0 67
14 1 67
14 0 68
14 0 71
14 0 71
14 1 89
14 0 45
14 0 71
14 0 71
14 0 78
14 0 78
14 0 73
14 0 55
14 0 55
14 0 56
14 0 56
14 0 58
14 0 61
14 0 61
14 0 59
14 0 59
14 0 59
14 0 61
14 0 61
14 0 61
14 0 54
14 0 54
14 0 54
14 0 54
14 0 70
14 0 65
14 0 61
14 0 63
14 0 63
14 0 76
14 0 76
14 0 71
14 0 55
14 0 55
14 0 71
14 0 71
14 0 93
14 0 110
14 0 110
14 0 71
14 0 71
14 0 72
14 0 65
14 0 57
14 0 65
14 0 65
14 0 66
14 0 66
14 0 65
14 0 65
14 0 65
14 0 57
14 0 57
14 0 65
14 0 65
14 0 57
14 0 56
14 0 48
14 0 55
14 0 52
14 0 51
14 0 51
14 0 60
14 0 60
14 0 60
14 0 60
14 0 60
14 0 50
14 1 50
14 0 50
14 1 57
14 0 57
14 0 57
14 0 59
14 0 59
14 0 61
14 0 77
14 0 36
14 0 36
14 0 61
14 1 61
14 0 61
14 0 76
14 0 76
14 1 65
14 0 64
14 0 62
14 0 62
14 0 68
14 0 69
14 0 69
14 0 78
14 0 78
14 0 78
14 0 62
14 0 62
14 0 63
14 1 64
14 0 64
14 0 58
14 0 52
14 1 64
14 0 64
14 1 57
14 0 56
14 0 56
14 0 57
14 0 57
14 1 57
14 0 62
14 0 62
14 0 62
14 0 64
14 0 64
14 0 63
14 0 62
14 0 62
14 0 76
14 0 84
14 0 37
14 0 66
14 0 66
14 0 65
14 0 62
14 0 62
14 0 68
14 0 67
14 0 66
14 0 65
14 0 53
14 0 53
14 0 66
14 0 69
14 0 69
14 0 62
14 0 62
14 0 62
14 0 59
14 0 56
14 0 56
14 1 56
14 0 61
14 1 54
14 0 54
14 0 67
14 0 67
14 0 67
14 0 62
14 0 59
14 0 59
14 0 59
14 0 61
14 0 61
14 0 61
14 0 57
14 0 57
14 0 57
14 0 58
14 0 59
14 0 59
14 2 59
14 0 79
14 0 61
14 0 37
14 0 60
14 0 60
14 1 60
14 0 62
14 1 64
14 0 64
14 0 60
14 0 60
14 0 59
14 0 58
14 0 58
14 0 66
14 0 66
14 0 58
14 0 55
14 0 55
14 0 62
14 0 62
14 0 62
14 0 63
14 0 64
14 0 64
14 0 68
14 0 71
14 0 57
14 1 50
14 0 50
14 0 56
14 0 57
14 0 57
14 0 58
14 0 58
14 0 58
14 0 59
14 0 59
14 0 60
14 0 62
14 0 62
14 1 63
14 1 63
14 0 63
14 0 108
14 0 108
14 0 108
14 0 63
14 0 63
14 0 63
14 0 57
14 0 57
14 1 57
14 0 54
14 0 54
14 0 54
14 2 52
14 0 52
14 0 58
14 0 58
14 0 70
14 0 70
14 0 67
14 0 67
14 0 61
14 0 61
14 0 59
14 0 57
14 0 57
14 0 49
14 0 60
14 0 64
14 0 64
14 0 60
14 0 60
14 0 60
14 0 58
14 0 58
14 0 58
14 0 61
14 0 61
14 0 61
14 0 61
14 0 61
14 0 64
14 0 64
14 0 80
14 0 23
14 0 64
14 0 64
14 0 64
14 0 61
14 0 59
14 0 59
14 1 59
14 0 59
14 1 59
14 0 66
14 0 68
14 0 70
14 0 70
1 0 70
13 1 58
14 0 58
14 0 64
14 0 66
14 0 66
14 0 55
14 0 57
14 0 57
14 0 57
14 0 57
14 0 56
14 0 56
14 0 58
14 0 65
14 0 65
14 0 65
14 0 66
14 0 66
14 0 65
14 1 65
14 1 61
14 0 57
14 0 57
14 0 104
14 0 104
14 0 55
14 0 55
14 0 55
14 0 62
14 0 62
14 0 62
14 0 60
14 0 60
14 0 60
14 0 63
14 0 63
14 0 63
14 0 57
14 0 57
14 0 59
14 0 59
14 0 59
14 0 59
14 0 58
14 0 58
14 0 54
14 0 54
14 0 51
14 0 61
14 0 76
14 0 79
14 0 79
14 0 57
14 0 54
14 0 54
14 0 54
14 0 54
14 0 55
14 0 58
14 0 58
14 0 56
14 0 55
14 0 55
14 0 62
14 0 62
14 0 62
14 0 92
14 0 97
14 0 62
14 0 56
14 0 56
14 0 56
14 0 67
14 0 67
14 0 67
14 0 62
14 0 62
14 0 62
14 0 60
14 0 59
14 0 59
14 0 59
14 0 59
14 0 59
14 0 59
14 0 60
14 0 61
14 0 61
14 0 62
14 0 62
14 0 61
14 0 61
14 0 59
14 1 46
14 0 46
14 0 54
14 0 54
14 0 54
14 1 61
14 0 61
14 0 61
14 0 81
14 0 81
14 0 81
14 1 68
14 0 64
14 0 64
14 0 70
14 0 70
14 1 142
14 0 142
14 0 46
14 0 61
14 0 61
14 0 62
14 0 64
14 0 58
14 0 55
14 1 55
14 0 60
14 0 60
14 0 64
14 0 68
14 0 68
14 0 57
14 0 57
14 1 62
14 0 62
14 1 59
14 0 59
14 0 55
14 0 61
14 0 61
14 0 67
14 0 67
14 0 66
14 0 65
14 0 65
14 0 67
14 0 67
14 0 60
14 1 57
14 0 58
14 0 59
14 0 61
14 0 61
14 0 86
14 0 38
14 0 58
14 0 58
14 0 75
14 0 75
14 0 75
14 0 55
14 0 55
14 0 62
14 0 62
14 0 53
14 0 53
14 0 56
14 0 59
14 0 52
14 0 65
14 0 68
14 0 74
14 1 68
14 0 61
14 0 61
14 0 67
14 0 71
14 0 71
14 1 62
14 0 62
14 1 60
14 0 60
14 0 63
14 0 102
14 0 102
14 0 70
14 0 70
14 0 70
14 0 69
14 0 69
14 0 66
14 0 65
14 0 65
14 0 64
14 0 64
14 0 73
14 0 97
14 0 97
14 0 81
14 0 81
14 0 79
14 1 74
14 0 73
14 0 69
14 0 69
14 0 58
14 0 57
14 0 59
14 0 65
14 0 71
14 0 71
14 0 61
14 0 61
14 0 61
14 0 66
14 0 66
14 0 64
14 1 58
4 0 58
5 0 59
14 0 59
14 0 62
14 0 62
14 0 109
14 0 109
14 0 43
14 0 43
14 0 60
14 0 60
14 0 67
14 0 67
14 0 57
14 0 57
14 1 59
14 0 61
14 0 69
14 0 56
14 0 56
14 0 69
14 0 69
14 0 58
14 0 58
14 0 55
14 0 55
14 0 61
14 0 61
14 0 66
14 0 66
14 0 68
14 0 69
14 0 66
14 0 64
14 0 71
14 0 88
14 0 125
14 0 116
14 0 66
14 0 61
14 0 61
14 0 60
204 1 198
22 0 53
153 3 78
15 0 60
2 0 64
24 0 59
14 0 63
21 0 58
16 0 53
19 0 58
173 1 117
94 0 63
5 0 50
9 0 62
18 0 56
2 0 57
13 0 56
14 1 54
17 0 52
18 1 55
31 0 57
22 0 47
29 0 52
14 0 104
17 0 53
33 1 70
38 0 67
31 1 63
14 0 64
13 0 67
151 1 96
21 0 42
17 0 56
17 0 57
13 0 57
13 0 59
140 1 73
19 1 59
17 0 57
13 0 56
13 0 68
67 0 64
99 1 70
31 0 55
14 0 91
13 0 62
14 0 58
81 0 63
15 0 55
14 0 66
26 0 63
17 0 62
14 0 44
14 0 44
14 0 55
14 0 62
14 0 65
6 0 55
1 0 55
181 1 100
18 0 75
38 0 61
35 0 62
52 1 72
38 0 64
30 0 72
32 0 76
32 0 80
35 1 67
46 0 89
43 0 101
49 1 77
51 0 80
49 1 69
41 0 60
39 1 56
33 0 58
34 1 66
36 0 67
34 1 68
42 0 70
35 0 68
32 0 60
34 0 78
62 1 67
59 1 66
58 0 58
64 2 79
61 0 62
57 0 59
61 1 63
40 0 77
32 0 65
26 1 78
37 0 64
40 0 95
43 1 67
44 1 73
48 0 86
51 3 77
15 0 94
1 0 94
31 0 94
45 0 53
43 0 68
43 0 72
43 0 71
41 0 84
45 0 65
45 2 63
22 1 63
32 0 77
38 0 51
35 0 70
37 0 83
34 0 97
33 0 86
31 0 59
35 0 65
38 0 65
42 0 70
31 0 71
36 0 62
37 1 59
36 0 59
36 0 72
34 0 61
31 0 78
30 1 68
29 0 61
34 0 60
34 0 76
35 0 52
44 1 67
38 0 60
41 1 63
43 0 70
36 0 80
35 1 70
36 1 68
36 0 61
22 2 59
31 0 71
32 0 65
32 0 60
33 0 57
38 0 65
39 0 66
39 1 62
37 0 60
39 1 120
37 0 75
36 1 69
35 1 65
18 0 49
1 0 49
27 0 49
32 1 58
17 0 65
1 0 65
23 0 65
38 0 61
33 0 63
46 0 66
30 2 70
35 0 78
29 0 69
39 1 56
35 0 78
40 0 65
36 0 69
33 0 56
42 0 58
42 0 61
45 0 76
36 0 90
32 0 75
30 1 65
33 0 74
36 0 63
36 0 59
30 0 62
24 0 62
28 0 62
25 1 56
27 0 56
28 0 63
33 0 66
34 0 64
35 1 68
37 0 106
41 0 64
44 1 77
48 1 52
40 0 58
35 0 61
32 1 58
33 0 65
37 0 74
31 1 74
32 0 71
30 1 62
33 1 59
27 0 58
30 0 57
28 1 57
22 0 59
28 0 60
25 2 59
22 1 59
32 0 70
31 0 70
46 0 153
43 1 89
56 0 58
43 0 60
50 1 95
55 0 65
44 0 61
44 0 76
38 0 61
35 0 65
32 0 74
38 0 64
36 0 62
39 0 78
38 0 70
39 0 69
34 0 43
34 0 63
34 0 69
32 0 67
30 0 81
32 0 67
25 0 61
32 0 59
23 1 59
27 0 48
24 0 68
30 0 71
36 0 74
29 0 66
32 0 69
37 1 61
38 1 55
41 1 60
46 1 64
44 0 59
37 0 68
41 1 72
43 1 106
37 0 112
37 0 70
35 0 64
47 1 67
9 0 101
35 0 84
34 0 73
30 0 62
26 0 62
23 0 66
27 0 69
25 0 67
27 0 62
22 0 58
21 0 40
26 0 52
19 0 61
30 0 57
23 0 57
28 1 64
24 0 63
42 1 68
32 0 63
26 1 60
25 0 69
24 1 56
24 0 58
24 0 60
23 0 61
23 0 60
21 1 60
26 0 55
34 0 55
55 0 57
44 0 65
55 2 56
56 0 76
58 0 103
60 1 81
51 0 75
45 0 69
41 0 79
41 2 67
31 1 71
69 1 78
56 0 63
49 0 64
21 0 65
36 0 76
22 0 66
21 0 62
18 0 58
22 0 112
26 0 66
34 1 58
44 0 61
36 0 67
35 0 71
39 0 68
38 0 54
41 0 76
45 0 77
40 1 67
33 0 60
29 0 56
26 0 62
26 0 69
32 0 69
32 0 70
36 0 100
37 0 103
36 0 121
34 1 60
33 0 59
35 0 57
30 0 59
24 0 60
28 1 51
25 0 90
24 0 94
28 0 78
27 0 67
28 1 82
35 0 79
34 0 74
32 0 65
35 0 67
34 0 58
34 0 63
36 0 97
43 1 69
35 0 59
87 0 66
34 0 74
29 0 67
29 0 63
31 0 60
42 2 59
28 1 69
28 0 69
27 0 73
30 0 63
25 0 57
23 1 62
22 1 79
20 0 30
19 0 65
25 0 63
26 0 56
31 0 50
40 1 45
25 0 58
23 0 56
33 0 56
29 0 60
34 0 65
46 1 63
53 0 60
53 0 61
50 0 64
50 1 85
50 0 60
39 0 58
34 1 62
39 0 64
40 0 40
36 0 75
48 0 62
53 0 59
49 0 66
61 1 87
35 0 68
37 0 61
33 0 64
30 0 64
31 0 64
25 0 56
26 0 56
25 0 57
28 0 61
27 0 69
34 0 73
31 0 85
40 0 62
40 0 100
37 0 65
41 0 71
45 0 55
49 0 80
46 1 86
28 0 73
21 0 57
18 0 61
14 0 63
20 0 62
19 0 66
29 0 63
30 1 59
35 0 54
31 0 57
29 0 65
25 0 66
30 0 66
26 0 68
21 0 102
18 0 68
14 0 62
14 0 62
30 0 58
30 0 72
45 0 67
69 0 81
67 0 56
62 0 59
76 1 69
59 0 67
44 0 65
41 0 62
32 0 66
33 0 65
35 0 65
32 0 104
34 0 58
30 1 62
31 0 62
31 0 64
22 0 55
23 1 55
21 0 66
17 0 66
23 0 61
19 0 56
20 1 53
19 0 58
16 0 47
17 0 47
14 0 66
20 0 64
16 0 62
16 0 56
27 0 56
37 1 56
25 0 57
27 1 62
45 0 68
56 0 75
62 1 74
72 0 69
64 0 61
74 1 75
63 0 78
54 0 101
37 1 101
36 0 60
41 1 84
36 0 76
37 0 65
39 0 58
42 1 102
42 0 142
48 0 60
54 0 65
43 1 65
19 0 59
29 0 56
25 0 60
29 0 70
29 0 69
35 0 63
39 0 69
43 0 67
46 0 60
49 0 65
40 1 72
42 0 60
36 0 58
33 0 71
31 0 37
29 0 63
39 0 77
71 1 73
44 0 75
35 1 73
34 1 70
24 0 71
23 0 72
19 0 57
16 0 57
22 1 58
17 0 59
23 0 59
16 0 62
24 0 66
33 0 42
20 0 55
26 0 52
25 0 67
40 0 60
50 0 72
60 1 72
56 1 77
64 1 71
56 1 76
59 0 58
54 0 50
49 0 60
34 0 76
35 0 69
31 1 97
27 0 101
22 1 79
25 0 52
29 1 65
23 0 78
21 0 67
29 0 66
25 0 66
25 0 60
32 1 60
28 0 70
26 0 77
36 0 81
32 0 71
53 1 59
60 0 83
55 0 69
46 0 75
47 0 96
43 0 92
46 1 63
45 1 83
44 0 86
49 0 88
44 0 80
30 0 76
34 0 83
34 0 71
29 0 76
32 0 74
29 0 68
31 0 62
34 0 58
27 1 58
25 1 62
21 0 72
26 0 35
21 0 57
31 2 72
26 1 79
23 0 64
21 1 63
26 2 74
36 1 68
35 0 64
48 1 61
40 0 75
37 0 68
41 0 63
39 0 62
40 0 72
41 1 66
34 0 66
33 0 70
34 0 107
27 1 54
27 0 52
44 1 73
42 0 61
42 0 57
46 0 68
38 0 62
38 0 60
32 0 59
37 0 51
27 0 61
28 0 63
39 1 78
33 0 80
36 1 61
32 0 61
31 0 69
24 0 115
24 0 48
25 1 59
43 1 64
23 0 84
24 0 67
20 0 59
20 0 62
33 0 67
23 0 67
22 1 56
30 0 55
25 0 60
21 0 60
22 0 61
21 0 58
20 1 60
19 0 64
21 0 67
28 0 66
22 0 66
40 1 78
35 0 67
30 0 65
33 0 46
34 0 84
22 0 73
21 0 63
23 0 63
21 0 64
36 0 67
28 1 65
28 0 67
32 0 67
43 0 66
32 0 65
32 1 65
56 0 83
61 0 83
61 1 138
53 0 60
49 1 72
53 0 62
31 0 67
25 1 75
16 0 73
1 0 73
24 0 64
50 0 59
20 1 76
52 0 76
40 0 70
40 0 75
32 0 67
32 1 65
27 0 61
22 0 74
20 0 84
25 0 109
22 0 62
21 0 56
32 0 68
20 0 57
20 0 55
18 0 56
46 2 56
52 0 62
57 0 80
66 0 76
70 1 109
50 1 74
47 0 86
37 0 73
33 0 182
29 0 42
25 0 49
26 0 65
37 1 78
21 0 62
29 1 62
22 0 75
21 0 69
21 1 67
22 1 61
19 0 82
56 1 55
73 1 80
71 0 106
80 0 86
66 0 189
135 1 91
24 0 72
28 0 59
14 0 62
16 0 66
30 0 61
32 0 64
44 1 70
40 1 75
49 1 73
39 0 63
36 0 58
41 0 59
37 3 49
33 0 41
74 0 65
30 0 58
14 0 58
18 1 60
15 0 61
19 0 54
27 0 54
34 1 67
43 0 66
44 0 68
36 0 57
36 0 58
30 0 58
31 0 58
23 0 54
19 0 45
18 0 91
24 0 74
32 0 67
48 0 73
53 0 74
53 0 66
36 0 55
33 0 62
30 0 64
25 0 58
22 0 67
33 1 64
24 0 59
23 0 58
33 1 56
20 0 65
29 0 50
24 0 120
31 1 68
33 0 73
38 0 70
39 2 70
31 0 53
27 0 75
22 0 69
22 0 68
20 0 68
20 0 70
18 0 72
17 0 80
22 0 85
29 0 76
24 0 60
142 2 99
21 0 59
26 1 66
22 0 63
24 0 65
23 0 72
19 0 67
19 1 66
16 0 77
20 0 68
17 0 48
23 0 77
38 0 52
32 0 67
34 0 72
61 0 62
31 0 53
30 0 66
26 0 58
29 0 55
23 0 59
25 0 65
23 0 62
25 1 48
28 1 75
105 0 118
24 0 55
18 0 68
24 1 57
22 0 63
22 0 64
26 0 75
56 0 78
69 2 73
118 2 83
58 1 63
41 0 85
36 0 60
38 0 54
38 0 51
32 1 65
27 0 59
27 0 55
35 1 53
25 0 56
24 0 61
22 0 47
14 0 115
50 1 43
28 0 58
35 0 54
31 0 58
22 0 59
23 0 62
25 0 62
32 0 77
26 0 75
38 2 63
26 0 59
32 0 56
40 0 75
54 1 59
54 1 63
53 0 65
48 0 66
46 1 65
47 1 113
50 1 50
59 0 46
64 1 70
38 1 71
34 0 70
30 0 65
26 0 71
22 0 74
27 0 67
23 0 66
23 0 66
36 0 68
31 1 70
29 1 73
31 0 64
36 0 56
35 0 64
38 0 95
40 1 59
55 0 118
66 0 74
54 0 65
44 2 72
52 0 72
38 2 64
10 1 60
1 0 60
20 1 59
29 0 52
27 0 73
24 0 71
33 0 66
22 0 60
36 0 55
32 0 55
41 0 67
48 0 60
49 1 59
57 1 76
51 1 73
41 0 61
32 1 71
43 1 63
43 0 61
33 0 72
30 0 75
25 1 59
22 0 61
22 1 64
26 0 72
37 1 69
36 0 65
40 0 65
45 1 67
50 0 65
36 0 63
49 1 61
51 0 61
35 0 96
40 0 79
40 0 78
39 1 72
34 0 70
28 1 62
35 0 63
31 0 62
32 0 53
32 0 62
28 0 86
36 0 80
39 0 56
38 0 61
41 0 61
41 0 47
30 0 79
29 0 69
27 0 58
24 0 60
24 0 60
23 0 62
17 0 58
24 0 58
19 0 61
30 0 57
21 0 56
50 0 70
53 0 67
53 0 63
57 1 73
50 0 71
44 0 69
38 0 71
39 0 94
34 0 71
38 0 57
29 0 59
36 0 76
26 0 77
30 0 61
36 0 56
27 1 60
29 0 63
29 0 70
31 0 72
31 0 76
37 1 67
36 1 56
33 0 66
39 0 130
41 2 105
22 0 61
22 0 67
22 0 63
34 0 73
37 1 57
33 0 62
41 0 76
42 0 96
34 1 82
15 0 73
1 0 68
17 0 68
30 0 66
24 1 64
28 0 65
25 0 64
35 1 58
34 0 56
42 0 65
53 0 73
37 0 87
40 1 52
33 0 64
37 0 75
33 1 64
38 0 61
33 0 70
38 0 71
38 0 70
31 0 67
33 1 65
19 0 67
32 0 67
33 0 62
29 0 94
32 0 81
36 0 102
42 0 126
55 1 136
94 0 153
35 0 106
50 0 65
39 0 83
40 0 69
34 0 86
38 0 75
38 0 122
27 0 59
38 0 57
35 0 68
29 0 60
27 0 57
26 0 77
25 0 77
29 0 74
33 1 54
31 0 56
31 0 62
37 0 63
33 0 66
31 1 63
36 1 62
41 1 61
27 0 77
28 0 80
29 0 98
28 0 68
30 0 70
37 0 78
43 1 71
34 0 68
36 0 63
38 0 66
30 1 70
42 0 71
31 0 57
31 0 63
34 0 78
28 0 89
30 0 45
26 0 71
41 0 67
21 0 69
25 0 115
40 0 63
30 0 72
48 0 66
36 0 65
41 0 78
39 0 71
38 0 75
42 0 80
44 0 77
38 0 69
3 0 69
51 0 62
39 0 47
48 1 70
38 0 65
29 0 63
35 0 74
34 0 112
33 0 73
36 1 70
33 0 70
42 0 78
40 1 61
33 0 66
31 0 57
40 0 57
29 0 63
28 0 66
31 1 73
27 0 83
35 0 84
35 1 66
36 0 56
46 1 62
50 0 66
37 0 59
26 0 57
32 0 59
27 1 40
29 0 68
29 0 65
37 0 62
34 1 54
31 0 70
35 0 64
34 0 62
35 0 62
30 0 73
32 0 70
36 0 71
32 0 89
38 1 72
39 0 67
34 0 60
40 1 60
36 0 62
32 0 63
24 0 69
29 0 66
27 0 83
47 0 64
50 0 70
35 1 65
41 0 66
34 0 95
34 0 102
35 0 69
31 0 70
26 0 71
34 0 66
30 0 57
28 1 50
38 0 57
30 0 81
31 0 80
30 0 130
31 0 90
30 0 111
23 0 99
33 0 88
25 0 71
17 0 65
28 0 65
24 0 65
21 0 59
18 0 59
16 1 54
16 0 49
22 0 58
30 1 58
26 0 60
21 0 72
30 0 69
23 0 87
23 0 125
23 0 46
23 0 61
33 1 83
32 0 83
27 0 68
3 0 68
7 0 78
30 0 78
30 0 78
27 0 59
27 1 59
43 0 59
33 0 59
33 0 92
30 2 67
35 0 75
44 0 70
27 0 67
40 0 94
21 1 50
24 0 60
24 1 64
30 0 63
26 0 66
25 0 83
37 1 91
30 0 77
27 0 78
29 0 54
34 0 58
33 0 63
30 0 64
33 0 81
33 0 72
21 0 68
30 0 58
29 0 120
26 0 130
38 0 53
32 0 65
47 2 74
39 3 91
40 0 62
1 0 65
34 2 65
34 0 69
35 1 66
33 0 64
31 3 59
28 0 63
38 4 64
41 1 70
37 1 65
28 1 64
31 0 84
33 1 123
38 0 55
29 0 62
31 1 58
35 1 54
36 2 58
1 0 58
36 0 74
44 2 60
46 1 71
55 2 85
62 2 75
57 0 75
59 2 100
31 0 64
47 0 111
64 1 108
63 1 102
37 1 86
49 2 119
36 2 60
1 0 60
38 0 55
53 1 76
57 1 78
28 3 83
17 1 86
1 0 155
15 1 155
23 0 101
29 0 83
34 1 82
34 0 82
60 3 70
12 0 65
1 0 65
28 1 67
45 1 71
41 2 82
51 1 73
44 1 75
46 1 59
7 0 59
32 0 77
30 1 80
32 0 88
34 1 75
36 1 65
50 0 95
41 3 69
47 2 69
41 0 71
45 0 78
37 0 78
37 1 71
34 2 66
32 2 65
32 0 66
32 1 68
31 0 63
44 2 61
26 1 55
31 1 65
35 5 66
38 1 68
37 2 69
36 1 60
1 0 60
34 4 69
36 1 69
1 0 69
1 0 69
45 0 67
51 0 65
46 1 63
38 1 78
32 1 75
27 1 71
30 0 62
27 0 66
37 1 71
36 1 63
43 2 71
50 2 67
48 2 63
41 1 54
38 1 66
38 0 60
33 0 75
30 2 85
34 1 114
33 1 50
11 1 53
1 0 53
20 0 53
47 0 62
42 3 72
47 1 78
1 0 78
1 0 78
43 0 72
30 0 62
32 1 58
26 0 65
26 0 71
36 0 58
36 1 52
35 1 60
35 1 69
36 1 70
32 1 68
33 0 107
30 0 169
27 0 85
31 1 73
28 0 53
1 0 53
41 1 66
33 2 68
29 0 69
31 2 81
29 0 63
27 0 56
36 0 64
43 2 71
36 2 63
34 1 62
1 0 46
29 0 46
33 0 65
35 2 68
37 0 71
37 2 85
37 1 61
32 0 77
33 0 62
46 1 61
36 0 67
43 1 67
41 1 63
39 2 60
41 1 61
39 0 69
44 3 75
42 0 60
28 1 63
26 2 65
28 1 69
30 0 75
37 0 70
34 1 66
35 1 64
41 0 98
41 0 56
41 1 80
53 0 66
44 1 80
47 1 71
45 0 70
46 1 63
37 0 56
42 2 59
25 0 65
24 0 61
27 0 61
34 1 73
32 0 70
28 0 67
23 2 72
26 0 79
30 1 65
28 0 63
31 2 70
40 0 74
41 0 66
39 2 69
50 0 72
46 4 72
38 0 64
36 0 60
29 1 71
25 0 78
37 2 72
36 0 74
38 2 89
30 3 58
30 1 67
32 1 64
34 1 63
36 1 80
33 0 79
35 2 59
40 1 77
41 1 60
31 2 64
23 1 64
26 2 57
26 0 77
27 0 100
38 1 71
39 0 93
37 1 73
47 2 71
36 2 71
41 2 73
37 1 65
37 1 68
30 1 42
36 1 64
46 1 63
39 0 62
48 1 63
43 2 74
37 1 77
38 1 94
39 1 106
1 0 80
36 2 83
34 2 77
34 0 65
35 0 65
34 2 65
33 0 79
26 0 70
5 0 70
27 2 65
31 1 71
37 0 74
36 0 74
29 0 70
30 0 64
30 0 65
33 1 63
35 2 59
32 2 52
30 0 75
30 3 110
28 2 114
27 0 55
27 1 61
32 2 73
29 1 80
35 3 75
1 0 62
2 0 62
34 0 62
36 1 63
41 0 77
34 2 67
48 1 69
47 1 72
35 0 77
35 1 56
37 1 62
32 1 60
35 2 72
37 0 122
50 1 78
51 0 66
48 0 56
45 1 63
31 1 65
35 2 56
35 1 60
34 1 63
34 1 65
32 1 67
27 2 79
28 1 68
28 2 65
26 0 78
29 2 98
33 1 99
1 0 99
33 0 65
38 1 63
35 1 58
34 2 63
23 0 65
24 1 68
35 0 61
28 0 46
27 3 58
36 1 60
32 0 62
32 1 65
30 0 70
33 0 81
28 1 81
27 1 65
25 0 56
22 0 64
28 0 72
28 2 80
33 0 127
39 0 99
38 1 52
40 1 67
46 3 70
42 0 82
48 2 69
50 1 53
56 0 64
45 1 63
47 1 68
37 0 68
33 1 65
33 2 56
32 1 91
34 0 111
32 0 59
34 1 69
33 0 69
38 0 66
36 3 79
15 0 65
1 0 65
13 1 65
1 0 65
22 3 62
25 1 65
32 1 64
29 1 65
29 0 74
41 1 63
47 3 68
46 1 88
53 1 81
49 2 70
35 0 95
47 2 73
8 1 79
1 0 73
15 0 73
1 1 73
26 1 73
29 0 69
32 2 68
20 2 58
21 0 64
43 2 66
44 1 86
42 0 70
1 0 80
45 1 86
46 1 65
43 2 62
45 1 66
46 0 63
35 1 68
34 1 135
33 2 87
34 3 101
1 0 100
5 0 64
38 0 89
51 1 82
32 1 60
45 1 56
32 2 68
26 2 69
37 2 75
27 0 73
32 2 65
39 0 64
39 1 70
39 1 66
44 0 103
40 0 89
39 2 75
37 0 92
46 0 63
37 0 67
34 0 57
35 0 59
27 4 58
29 1 64
33 1 73
31 2 70
18 0 91
1 0 99
15 0 99
34 0 76
34 0 96
40 4 65
39 2 80
38 0 84
34 0 55
31 1 68
18 1 56
1 0 56
11 1 56
34 2 102
39 2 58
41 2 60
16 0 65
1 0 65
2 0 65
13 0 90
28 0 90
30 0 62
30 1 76
36 1 97
38 2 61
35 2 60
40 1 116
40 2 87
35 1 81
1 0 62
1 0 62
31 0 71
37 2 52
41 1 79
45 1 75
30 0 76
25 1 83
30 1 80
26 0 75
24 0 60
33 0 61
28 0 60
28 2 71
29 1 86
30 2 116
28 0 65
29 1 69
29 2 69
38 0 63
38 1 76
39 1 58
53 1 62
45 1 59
33 4 63
37 1 68
1 0 71
13 0 71
1 0 71
16 1 75
33 0 80
33 1 72
33 0 69
32 0 104
45 3 143
41 2 90
42 1 74
42 1 92
13 0 81
15 1 59
13 1 59
13 0 59
13 1 59
12 0 67
12 0 61
20 0 61
16 0 58
12 0 58
11 0 59
8 0 63
8 0 63
7 0 76
10 0 101
10 0 42
16 0 36
12 0 34
19 1 65
13 0 71
14 1 68
13 0 58
13 0 59
13 0 67
13 0 59
13 1 59
13 0 60
13 1 76
13 0 55
1 0 55
13 0 56
13 0 66
13 0 127
13 0 67
13 2 64
13 1 56
13 0 130
13 0 130
12 0 130
21 0 60
13 0 54
13 0 62
13 0 69
13 0 63
13 0 63
13 0 63
13 0 122
13 0 122
13 1 122
13 2 67
13 0 63
20 0 61
19 0 61
21 0 83
13 0 149
13 0 66
13 1 66
13 0 63
13 1 46
13 1 60
12 0 57
7 0 61
7 0 64
7 0 64
7 0 79
6 0 62
7 0 46
5 0 46
4 0 57
4 2 57
4 0 57
3 0 46
3 0 46
3 0 123
4 1 59
2 0 53
2 0 53
4 0 64
5 0 64
5 0 67
2 0 67
3 0 59
3 0 59
3 0 38
2 0 59
3 0 72
2 0 66
3 0 65
3 0 77
3 0 58
2 0 41
2 0 41
3 0 62
2 0 62
3 0 99
2 0 49
3 0 49
3 0 57
3 0 53
2 0 50
2 0 58
3 0 49
2 0 64
2 0 64
2 0 55
2 0 55
2 0 58
2 0 53
2 0 53
2 0 63
2 0 56
2 1 64
3 1 73
3 0 73
3 0 71
2 0 60
3 0 59
3 0 114
3 0 52
3 0 52
4 0 58
2 0 66
4 0 66
3 0 58
3 0 52
2 0 52
3 0 58
2 0 58
2 0 64
2 0 60
2 0 60
2 0 37
2 0 37
2 0 60
2 0 60
2 0 58
3 0 61
2 0 61
3 0 63
2 0 63
3 0 66
2 0 114
2 0 114
2 0 57
2 0 57
3 0 54
2 0 58
3 0 31
3 0 31
3 0 61
3 0 58
2 0 60
3 0 65
3 0 65
2 0 59
3 0 59
2 0 57
2 0 57
2 0 57
2 0 61
2 0 61
2 0 58
2 0 58
2 0 67
2 0 67
2 0 69
2 0 36
2 1 62
3 0 62
2 1 61
2 0 63
3 0 44
2 0 44
2 0 54
2 0 60
2 0 66
2 0 68
2 1 70
2 0 59
2 0 59
2 0 56
2 0 56
2 0 37
2 0 37
2 0 57
2 0 57
2 0 57
2 0 56
2 0 56
2 0 50
3 0 50
2 0 64
2 0 72
2 0 37
2 0 48
2 0 59
2 0 59
2 0 59
2 0 60
2 0 60
2 0 75
2 0 75
2 0 58
2 0 58
2 0 62
2 0 62
2 1 60
2 0 58
1 0 58
2 0 58
2 0 61
2 0 55
2 0 55
2 0 61
2 0 61
2 0 62
2 0 59
2 0 59
2 0 53
2 0 44
2 0 44
2 0 44
2 0 69
2 0 60
2 0 60
3 0 52
20 0 62
10 0 61
13 0 64
14 0 68
13 0 82
17 1 63
14 2 85
13 0 67
13 0 66
13 0 66
13 0 58
13 0 77
18 0 104
14 0 80
13 0 84
14 0 64
14 0 58
14 0 66
13 0 54
13 0 64
13 0 58
18 0 58
14 0 94
13 0 99
14 0 67
14 0 69
13 0 67
16 0 68
14 0 142
13 0 144
14 0 35
13 0 57
13 0 44
14 0 43
14 0 64
13 0 64
13 0 57
10 0 58
14 0 58
13 0 60
14 0 60
13 0 66
12 0 66
14 0 60
13 0 55
14 0 56
14 0 59
13 0 66
13 0 66
13 0 64
13 0 64
13 0 55
14 0 67
14 0 48
14 0 71
14 0 71
14 0 56
14 0 79
14 0 79
14 0 56
14 0 75
14 0 77
14 0 63
14 0 63
14 0 68
14 0 70
14 0 70
13 0 94
13 0 94
13 0 56
13 0 60
14 0 58
14 0 117
14 0 117
13 0 60
14 0 59
14 0 68
14 0 72
14 0 70
14 0 68
13 0 79
13 0 70
13 0 70
13 0 55
14 0 71
14 0 72
14 0 61
14 0 60
14 0 62
14 0 62
14 0 68
14 0 67
13 0 67
14 0 58
14 0 64
13 0 58
14 0 57
13 0 60
13 0 72
13 0 63
13 0 63
13 0 65
13 0 67
13 0 72
13 0 76
13 0 70
14 0 69
13 0 68
12 0 59
14 0 59
13 0 61
13 0 79
14 0 115
13 0 59
13 0 50
14 0 60
14 0 60
14 1 58
14 0 56
14 0 70
14 0 70
14 0 62
14 0 62
14 0 65
14 0 61
14 0 59
14 0 62
14 0 75
14 0 56
14 0 68
14 0 68
14 0 78
14 0 114
14 0 110
14 0 64
14 1 85
14 0 46
14 0 66
14 0 61
13 0 58
13 0 66
14 0 57
14 0 56
14 0 67
13 0 67
13 0 58
13 0 54
13 0 73
13 1 77
13 0 54
1 0 54
13 0 71
13 0 105
14 0 59
13 0 56
14 0 59
14 0 47
14 0 70
13 0 61
13 0 61
13 0 63
13 0 63
12 0 53
14 0 53
14 0 63
13 0 63
13 0 66
41 0 79
13 0 138
13 0 39
14 0 78
14 0 63
14 0 50
14 0 66
14 0 61
14 0 61
14 0 75
13 0 75
14 0 75
14 0 62
14 0 75
14 0 75
13 0 58
14 0 55
14 0 55
14 0 59
14 0 64
13 0 84
14 0 136
14 0 58
14 0 53
13 0 46
14 0 48
14 0 48
14 0 61
13 0 89
13 0 89
13 0 87
14 0 59
13 0 67
14 0 70
14 0 71
14 0 67
14 0 63
13 0 63
14 0 56
14 0 57
14 0 65
14 0 78
14 0 81
14 0 165
14 0 46
14 0 58
13 0 62
14 0 62
14 0 73
14 0 73
13 0 81
13 0 80
14 0 83
14 0 76
14 0 79
14 0 97
1 0 100
14 0 60
14 0 59
14 0 74
14 0 49
13 0 64
13 0 55
14 0 60
14 0 60
13 0 66
14 0 66
13 0 63
14 0 91
14 0 76
14 0 65
14 0 58
13 0 64
14 0 64
14 0 65
14 0 63
14 0 63
13 0 58
13 0 58
14 0 60
14 2 67
2 0 52
1 0 52
12 0 52
13 0 63
14 0 42
14 0 62
14 0 64
14 0 68
14 1 71
13 0 58
14 0 58
14 0 66
14 0 69
14 0 77
14 0 79
13 0 79
14 0 59
14 0 65
14 0 67
14 0 61
14 0 57
14 0 60
14 0 60
14 0 57
14 0 54
14 1 58
14 0 37
13 0 42
14 0 61
14 0 66
14 0 62
14 0 58
13 0 68
13 0 65
14 0 63
14 0 60
14 1 65
14 0 71
14 1 58
14 0 58
14 0 70
14 0 62
14 0 61
13 0 60
14 0 78
14 0 78
14 0 92
14 0 144
14 0 61
13 0 73
14 0 70
14 0 55
14 0 59
13 0 62
14 0 56
13 0 62
14 0 66
14 0 60
14 0 60
14 0 61
13 0 61
13 0 62
13 0 56
13 0 56
14 0 86
14 0 66
30 0 66
13 0 66
13 0 94
13 0 57
14 0 50
14 0 46
14 0 58
14 0 59
12 0 81
13 0 57
13 0 63
14 0 64
14 0 55
14 0 63
14 0 64
14 0 66
13 0 71
14 0 61
14 0 59
14 1 59
14 0 70
14 0 68
13 0 134
14 0 117
14 0 44
14 0 49
14 0 65
14 0 63
14 0 63
14 0 65
13 0 63
14 0 62
14 0 113
14 0 114
14 0 114
14 0 60
22 0 74
12 0 101
12 0 101
12 0 101
21 0 55
21 0 53
19 0 53
16 0 63
19 0 132
16 0 46
13 0 46
13 0 68
11 0 67
7 0 61
7 0 78
7 0 78
7 0 65
8 0 63
8 0 62
10 0 56
8 0 61
13 0 60
11 0 58
12 0 63
20 0 60
17 0 60
15 0 55
12 0 55
6 0 63
17 0 62
12 0 62
13 0 129
13 0 47
13 0 58
13 0 58
13 0 43
10 0 43
9 0 67
8 0 65
11 0 64
18 0 69
11 0 43
13 0 89
13 0 89
8 0 79
13 0 69
16 0 64
16 0 58
13 0 68
20 0 59
14 0 57
6 0 63
20 0 63
14 0 105
8 0 60
7 0 55
15 0 57
13 0 59
21 0 70
5 0 70
13 0 59
13 0 59
20 0 60
13 0 78
13 0 78
13 0 63
13 0 63
13 0 61
14 1 61
10 0 63
8 0 59
13 0 57
10 0 47
13 0 47
13 0 67
14 0 67
8 0 65
7 0 82
13 0 39
13 0 56
13 0 53
14 0 60
14 0 58
10 0 58
11 0 60
14 0 60
15 0 62
13 0 61
13 0 61
19 0 70
20 0 76
17 0 57
13 0 58
7 0 58
13 0 60
21 0 96
20 0 88
14 0 68
9 0 133
14 0 25
13 0 55
17 0 59
13 0 65
17 0 59
10 0 59
7 0 58
13 0 58
13 0 55
22 0 72
16 0 64
17 0 64
13 0 65
13 0 67
13 0 55
13 0 53
13 0 60
13 0 60
13 0 69
13 0 57
13 0 57
10 0 51
5 0 58
11 0 81
13 0 33
13 0 52
13 0 60
14 0 58
16 0 56
15 0 82
16 0 82
13 0 70
12 0 63
21 0 61
17 0 75
13 0 66
13 0 66
13 0 64
13 0 58
13 0 57
13 0 48
13 0 60
13 0 75
13 0 65
13 0 68
13 0 118
13 0 39
14 0 55
10 0 57
12 0 55
13 0 55
6 0 52
9 0 70
15 0 79
13 0 62
9 0 59
11 0 59
13 0 60
16 0 62
13 0 62
9 0 46
19 0 46
14 0 53
9 0 53
18 0 67
18 0 62
21 0 58
12 0 63
14 0 142
19 0 58
13 0 58
13 0 48
13 0 50
14 0 57
13 0 57
8 0 57
10 0 44
9 0 44
9 0 56
13 0 68
19 0 63
13 0 68
14 0 74
15 0 25
19 0 75
13 0 54
12 0 51
10 0 60
13 0 60
13 0 70
13 0 112
14 0 49
12 0 62
18 0 62
13 0 62
6 0 59
5 0 59
9 0 52
13 0 52
13 0 66
13 0 63
13 0 63
14 0 83
8 0 58
13 0 58
14 0 56
13 0 55
11 0 66
14 0 66
14 0 62
13 0 61
14 0 61
10 0 146
15 0 36
21 1 61
13 0 54
10 0 54
7 0 62
15 0 62
13 0 59
13 0 69
13 0 72
13 0 61
13 0 61
13 0 60
13 0 63
14 0 67
9 0 65
8 0 65
16 0 61
15 0 61
14 0 47
12 0 47
12 0 126
13 0 116
13 0 56
13 0 55
13 0 71
13 0 71
11 0 61
14 0 61
6 0 62
13 0 50
13 0 50
13 0 61
12 0 58
13 0 57
13 0 51
13 0 53
13 0 57
13 0 63
13 2 58
13 0 61
19 0 113
14 1 45
14 0 55
11 0 53
13 0 65
13 0 57
22 0 53
21 0 62
14 0 67
13 0 67
13 0 59
13 0 59
10 0 58
6 0 56
11 0 55
12 0 61
14 0 59
13 0 55
14 0 47
10 0 50
11 0 60
17 0 58
19 0 83
13 0 127
13 0 83
12 0 47
13 0 74
13 0 65
20 0 65
14 0 64
14 0 64
10 0 64
11 0 62
16 0 61
18 0 59
13 0 63
12 0 66
13 0 59
13 0 58
13 0 63
14 1 63
12 0 59
8 0 58
7 0 58
13 0 57
21 0 70
14 0 66
13 0 64
16 0 76
18 0 54
13 0 61
13 0 59
12 1 54
15 1 54
13 0 78
14 0 77
12 0 74
8 0 66
13 0 65
14 0 58
14 0 59
12 0 61
8 0 61
9 0 61
10 0 59
13 0 59
14 0 45
7 0 45
13 0 68
8 0 58
7 0 57
21 0 54
14 0 57
13 0 49
14 0 49
9 0 72
10 0 76
5 0 79
17 0 65
16 0 72
13 0 69
13 0 65
15 0 59
13 0 59
13 0 64
13 0 64
13 0 62
13 0 57
16 0 55
18 0 67
15 0 65
13 0 63
13 0 35
13 0 59
13 1 54
14 0 61
13 0 62
8 0 56
8 0 56
13 0 55
12 0 57
14 1 57
13 0 68
11 0 60
20 0 60
13 0 68
14 0 57
13 0 58
13 0 62
13 0 58
20 0 57
13 0 60
13 0 60
13 0 59
13 0 80
13 0 151
13 0 53
13 0 57
13 0 55
20 0 55
13 0 59
13 0 59
14 0 54
13 0 56
13 0 56
12 0 65
16 0 65
19 0 50
13 0 76
14 0 61
13 0 57
13 0 57
13 0 61
13 0 61
14 0 57
13 0 57
12 0 66
12 0 61
13 0 61
13 0 45
13 0 58
13 0 58
13 0 66
12 0 66
19 0 66
19 0 64
13 0 64
13 0 66
13 0 65
13 0 58
16 0 56
21 0 56
12 1 59
13 0 61
13 0 62
13 0 63
13 0 61
15 0 61
13 0 58
16 0 60
14 0 60
12 0 105
13 0 55
13 0 65
14 1 62
13 0 69
12 0 65
13 0 59
13 0 59
13 0 55
13 0 55
13 0 60
11 0 57
13 0 57
13 0 61
13 0 61
13 0 60
13 0 60
21 0 61
13 0 66
13 0 66
13 0 59
13 0 59
13 0 60
17 0 109
13 0 109
13 0 45
13 0 64
14 0 58
13 0 58
10 0 64
18 0 64
12 0 62
13 0 61
13 0 53
13 0 53
19 0 56
13 0 63
13 0 68
13 0 59
13 0 59
13 0 58
19 0 58
13 0 59
22 1 47
13 0 72
13 0 71
21 0 97
13 0 57
13 0 71
14 0 73
16 0 76
13 0 77
12 0 56
13 0 56
14 1 60
13 0 61
17 0 65
13 0 58
13 0 58
13 0 58
14 0 58
17 0 73
21 0 63
13 0 60
13 0 57
13 0 57
12 0 66
13 0 66
13 0 53
13 0 115
13 0 58
13 0 63
13 0 63
13 0 59
13 0 60
19 0 61
13 0 56
13 0 57
14 0 66
13 0 78
19 0 72
13 0 63
13 0 63
14 0 61
18 0 60
13 0 59
13 0 58
13 0 58
13 0 68
13 0 67
16 0 63
13 0 159
15 0 65
3 0 65
7 0 55
4 0 48
5 0 48
13 0 61
13 0 58
13 0 58
13 1 41
13 0 76
13 0 62
13 0 59
13 0 58
13 0 62
13 0 66
13 0 58
13 0 57
13 0 58
13 0 58
13 0 64
13 0 60
21 0 97
13 0 73
15 0 64
18 0 64
20 0 66
13 0 66
21 0 68
20 0 76
12 0 76
19 0 65
12 0 65
12 0 57
19 0 82
19 0 68
21 0 62
13 0 61
13 0 57
13 0 55
13 0 34
13 1 62
13 0 62
13 0 63
13 0 77
14 0 79
12 0 57
13 0 73
12 0 66
13 0 61
13 0 61
13 0 60
14 0 59
14 0 58
20 0 58
14 0 59
13 0 59
16 0 65
16 0 78
20 0 81
13 0 54
13 0 57
14 0 60
12 0 79
13 0 70
13 0 61
13 0 58
13 0 56
16 0 82
13 0 91
13 0 57
13 0 60
20 0 61
15 0 54
13 0 60
13 0 60
14 0 61
9 0 61
12 0 63
11 0 65
15 0 68
13 0 65
14 0 65
13 0 66
13 0 62
10 0 61
14 0 56
19 0 120
13 0 56
13 1 58
13 0 60
14 0 54
15 0 58
13 0 60
11 0 59
13 0 59
13 0 59
14 1 60
13 0 60
13 0 63
2 0 63
13 0 63
14 0 59
13 0 60
15 0 69
12 0 56
12 0 63
13 0 60
14 0 26
21 0 79
13 0 84
20 0 60
12 0 60
13 0 81
13 0 72
14 0 55
9 0 55
12 0 70
14 0 82
15 0 67
13 0 67
14 0 58
13 0 57
13 0 55
8 0 65
13 0 61
13 0 59
13 0 66
9 0 60
9 0 60
13 0 54
14 0 49
13 0 49
14 0 59
8 0 59
7 0 60
5 0 56
13 0 56
17 0 57
14 0 77
13 0 69
13 0 70
11 0 74
15 0 64
14 0 62
13 0 67
14 0 67
19 0 62
9 0 65
13 0 69
13 0 61
14 0 59
16 0 55
13 0 55
13 0 66
18 0 55
20 0 61
21 0 62
17 0 63
21 0 59
12 0 60
20 0 62
13 0 71
20 0 86
19 0 72
19 0 66
17 0 65
14 0 62
14 0 62
13 0 58
15 0 56
15 0 56
12 0 53
13 0 60
14 0 68
13 0 41
17 1 43
20 0 62
13 0 62
18 0 60
13 0 59
12 0 58
21 0 60
12 0 60
22 0 53
21 0 53
20 0 74
19 0 57
18 0 56
16 0 55
14 0 65
13 0 65
12 0 60
14 0 60
11 0 60
13 0 59
14 0 59
13 0 59
9 0 61
8 0 47
12 0 54
13 0 68
13 0 68
13 0 68
14 0 43
14 0 55
14 0 61
13 0 105
14 0 119
13 0 119
14 0 110
13 0 59
13 0 76
13 0 60
13 0 60
13 0 58
13 0 71
13 0 66
13 0 61
13 5 103
13 0 103
5 0 55
13 0 55
13 0 42
13 0 54
15 0 59
14 0 59
12 0 56
12 0 56
6 0 58
6 0 58
5 0 62
4 0 56
7 0 56
13 0 67
13 0 68
13 0 69
13 0 62
12 0 69
13 0 57
10 0 68
11 0 73
13 0 59
15 0 63
8 0 41
8 0 51
6 0 60
10 0 75
7 0 82
16 0 78
13 0 56
13 0 51
14 0 51
13 0 59
13 0 63
13 1 64
13 0 59
13 0 59
13 0 60
13 0 71
13 0 71
13 0 71
13 0 331
13 0 331
13 0 331
13 0 331
13 0 91
15 0 64
19 0 64
21 0 59
6 0 67
6 0 67
4 0 52
4 0 52
4 0 54
4 0 58
4 0 74
7 0 55
5 0 159
9 0 48
10 0 70
13 0 61
13 0 56
14 0 80
13 0 76
5 0 62
12 0 70
13 0 59
13 0 60
12 0 60
13 0 62
19 0 66
13 0 66
15 0 61
4 0 62
8 0 65
4 0 65
4 0 61
12 0 63
13 0 66
13 0 73
12 0 78
13 0 62
13 0 98
13 0 74
13 0 67
13 0 63
13 0 59
13 0 51
13 0 104
13 0 54
14 0 60
14 0 70
14 0 71
13 0 61
13 0 63
13 0 65
13 0 69
13 0 145
13 0 187
13 0 168
13 0 91
14 0 67
14 0 65
13 0 65
13 0 70
13 0 33
15 0 68
13 0 63
14 0 58
13 0 70
14 0 68
13 0 68
13 0 66
13 0 64
20 0 63
19 0 66
12 0 66
11 0 66
8 0 57
8 0 57
6 0 50
5 0 50
6 0 48
5 0 53
4 0 114
6 0 49
7 0 49
6 0 61
4 0 63
12 0 63
5 0 64
14 0 66
7 0 66
6 0 70
6 0 53
5 0 53
17 0 65
21 0 63
10 0 63
8 0 65
13 0 65
13 0 58
7 0 58
17 0 65
4 0 57
9 0 57
15 0 63
11 0 63
13 0 64
16 0 116
14 0 62
14 0 57
14 0 50
14 0 64
14 0 64
14 0 62
14 0 50
14 0 62
14 0 79
14 0 117
13 0 117
13 0 117
13 0 65
13 0 58
21 0 55
15 0 60
12 0 60
9 0 63
8 0 58
7 0 111
12 0 170
13 0 170
12 0 170
17 0 170
15 0 93
4 0 82
4 0 82
5 0 76
5 0 76
4 0 60
4 0 60
9 0 71
12 0 68
21 0 67
21 0 54
12 0 54
12 0 61
19 0 59
21 0 58
21 0 68
12 0 68
22 0 63
20 0 66
22 0 97
21 0 62
12 0 62
20 0 60
21 0 57
13 0 66
18 0 66
12 0 57
20 0 57
12 0 50
21 0 52
21 0 61
12 0 61
19 0 61
13 0 70
19 0 92
21 0 79
12 0 65
18 0 65
13 0 72
17 0 64
21 0 62
13 0 53
17 0 53
12 0 54
19 0 59
21 0 49
14 1 55
12 0 70
21 0 61
15 0 59
9 0 63
19 0 61
16 1 60
18 0 59
15 0 59
9 0 67
21 0 62
15 0 61
16 0 48
19 0 58
19 0 64
20 0 62
13 1 62
11 0 60
17 0 59
13 0 58
15 0 59
12 0 68
19 0 80
12 0 83
19 0 123
13 0 45
19 0 66
21 0 67
13 0 74
16 0 70
20 0 64
21 0 56
13 0 72
21 0 72
18 0 62
12 0 62
20 0 65
12 0 64
21 0 63
12 0 67
19 0 69
12 0 61
20 0 60
13 0 58
17 0 58
13 0 65
18 0 72
13 0 79
17 0 113
14 0 63
14 0 66
14 0 68
13 0 64
14 0 58
14 0 63
14 0 64
14 1 67
14 0 72
13 0 72
13 0 73
13 0 60
13 0 61
12 0 81
19 0 69
15 0 69
11 0 62
10 0 55
9 0 55
10 0 46
5 0 46
6 0 61
5 0 51
6 0 84
6 0 46
4 0 58
14 0 54
13 0 54
14 0 57
14 0 107
14 0 107
14 0 69
14 0 68
14 0 61
14 0 71
14 1 71
13 0 51
13 0 54
13 0 58
13 0 56
13 0 56
13 0 6640
4 0 6640
14 0 237
15 0 237
4 0 237
4 0 237
4 0 237
4 0 237
16 0 65
7 0 60
12 0 58
12 0 58
21 0 48
19 0 61
12 0 64
21 0 39
21 0 63
15 1 80
5 0 65
1 0 65
6 0 65
4 0 56
5 0 56
4 0 49
4 0 49
12 0 67
21 0 64
12 0 64
19 0 65
12 0 65
20 0 94
21 0 67
12 0 61
19 0 95
22 0 52
22 0 62
12 0 60
13 0 67
11 0 63
21 0 60
22 0 64
21 0 59
13 0 58
11 0 59
13 0 59
18 0 59
21 0 60
13 0 61
19 0 68
21 0 63
13 0 60
14 0 62
2 0 62
21 0 53
13 0 53
15 0 51
13 0 43
19 0 64
20 0 68
19 0 63
12 0 67
12 0 66
20 0 62
12 0 60
20 0 70
12 0 58
20 0 57
20 0 61
13 0 62
18 0 62
12 0 60
19 0 60
13 0 60
17 0 56
12 0 72
20 0 82
21 0 76
12 0 70
20 0 58
12 0 72
13 0 57
14 0 57
21 0 58
12 0 54
12 0 61
21 0 61
12 0 61
19 0 69
21 0 59
13 0 56
18 0 61
12 0 61
20 0 62
22 0 61
21 0 61
21 0 62
21 0 59
12 0 59
21 0 61
20 0 56
13 0 56
16 0 54
21 0 61
22 0 61
20 0 58
12 0 62
20 0 85
21 0 72
12 0 63
20 0 63
12 0 64
20 0 63
21 0 63
12 0 62
20 0 62
20 0 67
12 0 58
20 0 55
21 0 53
21 0 58
22 0 77
21 0 74
5 0 74
15 1 51
5 0 60
6 0 60
4 0 45
4 0 45
3 0 52
3 0 58
7 0 61
21 0 49
20 0 84
12 0 60
21 0 58
21 1 61
21 0 75
21 0 62
21 0 61
22 0 60
21 0 59
21 0 98
12 0 60
13 0 60
20 0 55
11 0 55
21 0 62
12 0 60
20 0 59
12 0 62
21 0 61
13 0 60
9 0 63
13 0 63
18 0 63
21 0 61
13 0 60
18 0 66
13 0 91
17 0 68
21 0 65
20 0 74
13 0 53
18 0 91
13 0 40
17 0 61
12 0 112
19 0 112
21 0 112
12 0 64
20 0 60
13 0 59
18 0 63
12 0 63
20 0 70
20 0 64
13 0 58
19 0 71
19 0 67
13 0 65
17 0 62
12 0 61
18 0 60
12 0 47
20 0 59
19 0 59
13 0 48
17 0 64
12 0 69
19 0 68
22 0 73
21 0 71
12 0 64
21 0 61
21 0 57
21 0 53
20 0 53
12 0 56
21 0 59
13 0 59
17 0 58
12 0 58
20 0 59
19 0 71
13 0 71
19 0 63
12 0 53
12 0 62
18 0 56
12 0 64
13 0 61
16 0 60
21 0 66
21 0 66
12 0 57
12 0 73
21 0 63
13 0 59
17 0 67
13 0 59
18 0 58
20 0 58
13 0 59
19 0 59
20 0 63
13 0 61
17 0 61
19 0 66
13 0 63
19 0 56
13 0 54
18 0 119
12 0 43
12 0 55
21 0 55
20 0 70
21 0 59
12 0 59
20 0 44
13 0 60
18 0 70
13 0 78
17 0 63
13 0 64
18 0 65
12 0 57
20 0 72
21 1 71
20 0 62
12 0 61
21 0 61
21 0 95
21 0 95
22 0 67
21 0 57
13 0 79
21 0 64
19 0 58
9 0 55
21 0 58
13 0 58
18 0 60
22 0 75
12 0 93
19 0 73
12 0 68
20 0 66
20 0 63
13 0 63
19 0 71
21 0 66
21 0 65
12 0 65
21 0 65
20 0 69
13 0 64
16 0 52
15 0 72
8 0 58
5 0 58
4 0 59
4 0 59
4 0 49
3 0 49
9 0 56
12 0 59
21 0 64
21 0 65
20 0 64
12 0 64
20 0 74
12 0 57
20 0 63
22 0 69
21 0 65
21 0 64
21 0 67
22 0 68
22 0 63
21 0 68
13 0 68
10 0 68
19 0 65
15 0 64
12 0 58
13 0 55
16 0 55
13 0 55
17 0 58
12 0 64
13 0 66
9 0 70
12 0 70
21 0 67
12 0 76
20 0 75
19 0 66
13 0 63
15 0 58
12 0 58
20 0 55
19 0 51
13 0 77
16 0 41
13 0 58
16 0 74
21 0 66
13 0 63
18 0 58
12 0 65
19 0 65
12 0 65
20 0 65
21 0 69
12 0 66
19 0 66
13 0 55
17 0 68
12 0 68
