6 2 0
6 2 0
1 1 0
1 1 0
1 1 0
1 1 0
1 1 0
1 1 0
1 1 0
1 1 0
1 1 0
1 1 0
14 3 0
14 3 0
14 3 1
14 3 0
13 2 0
14 3 0
15 3 0
14 3 0
14 3 0
16 3 1
11 2 0
7 2 0
3 2 0
3 2 0
3 2 0
3 2 0
3 2 0
3 2 0
3 2 0
3 2 1
4 2 0
3 0 0
10 2 0
4 2 0
3 2 0
3 2 0
3 2 0
3 2 0
3 2 0
3 2 0
3 2 0
3 2 0
3 2 0
3 2 0
3 2 0
3 2 0
3 2 0
3 2 0
3 2 0
3 2 0
3 2 0
3 2 0
3 2 0
3 2 0
3 2 0
3 2 0
3 2 0
3 2 0
3 2 0
3 2 0
3 2 0
3 2 0
3 2 0
3 2 0
3 2 0
3 2 0
3 2 0
3 2 0
3 2 0
3 2 0
3 2 0
3 2 0
3 2 0
3 2 0
4 2 0
3 2 0
13 2 0
14 3 0
14 3 0
16 3 0
14 3 1
14 3 1
14 3 0
14 3 0
17 3 0
14 3 1
14 3 0
14 3 0
16 3 0
14 3 0
16 3 0
14 3 0
14 3 0
12 2 0
14 3 0
14 3 0
13 2 0
2 2 0
1 1 0
125 5 1
61 4 0
19 3 1
14 3 0
14 3 0
13 2 0
14 3 1
64 4 1
14 3 0
14 3 1
27 3 0
14 3 0
14 3 0
14 3 0
14 4 0
14 4 0
14 4 0
14 4 0
14 4 0
14 4 1
10 4 0
1 0 0
4 0 0
14 4 0
14 4 0
14 4 0
14 4 0
14 4 0
14 4 0
14 4 0
14 4 0
14 4 0
14 4 0
14 4 0
14 4 0
14 4 0
14 4 0
14 4 0
14 4 0
14 4 0
14 4 0
14 4 0
14 4 0
14 4 0
14 4 0
14 4 0
14 4 0
14 4 0
14 4 0
14 4 0
14 4 0
14 4 0
14 4 0
14 4 0
14 4 0
14 4 0
14 4 0
14 4 0
14 4 0
14 4 0
14 4 0
14 4 2
14 4 0
14 4 0
14 4 0
14 4 0
14 4 1
14 4 0
14 4 0
14 4 0
14 4 0
14 4 0
14 4 0
14 4 0
14 4 0
14 4 0
14 4 0
14 4 0
14 4 0
14 4 0
14 4 0
14 4 0
14 4 0
14 4 0
14 4 0
14 4 0
14 4 0
14 4 0
14 4 0
14 4 0
14 4 0
14 4 0
14 4 0
14 4 0
14 4 0
14 4 0
14 4 0
14 4 0
14 4 0
14 4 0
14 4 0
14 4 0
14 4 0
14 4 0
14 4 0
14 4 0
14 4 1
14 4 0
14 4 0
14 4 0
14 4 0
14 4 0
14 4 0
14 4 0
14 4 0
14 4 0
14 4 0
14 4 0
14 4 0
14 4 0
14 4 0
14 4 0
14 4 0
14 4 0
14 4 0
14 4 0
14 4 0
14 4 0
14 4 0
14 4 0
14 4 0
14 4 0
14 4 0
14 4 0
14 4 0
14 4 0
14 4 0
14 4 0
14 4 0
29 5 0
24 4 0
28 5 0
38 5 0
28 5 0
32 5 1
17 5 1
1 0 0
21 0 0
48 6 1
1 0 0
37 5 1
34 5 1
1 0 0
16 5 0
1 0 0
15 0 0
41 5 0
53 6 1
16 5 0
1 0 0
25 0 0
43 5 0
32 5 0
29 5 1
32 7 1
1 0 0
46 0 1
89 7 1
1 0 0
99 8 1
83 7 2
13 4 0
1 0 0
8 3 0
99 8 0
112 8 0
14 4 0
20 4 0
18 4 0
20 4 0
17 4 1
17 4 0
17 4 0
13 4 0
3 2 0
12 3 0
14 4 0
21 4 1
28 5 0
30 5 0
53 6 0
14 4 0
26 4 1
48 6 0
64 6 1
15 4 0
13 4 0
13 4 0
152 12 2
19 4 0
1 0 0
17 4 0
173 12 3
14 4 0
1 0 0
22 4 0
2 0 0
20 4 1
19 4 0
80 12 1
1 0 0
94 0 2
14 4 0
2 0 0
20 4 0
24 4 0
23 4 0
14 4 0
23 4 0
21 4 0
21 4 0
21 4 0
21 4 0
17 4 0
19 4 1
18 4 0
18 4 1
12 3 0
1 0 0
13 4 0
122 8 1
10 4 0
1 0 0
7 0 0
14 4 0
13 4 0
22 4 0
156 12 0
14 4 0
14 4 0
25 4 0
95 8 1
29 5 1
15 4 0
14 4 0
14 4 0
14 3 0
14 3 0
86 6 2
16 3 0
14 3 0
27 4 1
18 3 0
14 3 1
14 3 0
14 3 1
14 3 0
14 3 0
14 3 0
14 3 0
14 3 0
14 2 0
2 3 0
14 3 1
14 3 0
14 3 0
14 3 0
14 3 0
14 3 1
14 3 0
14 3 0
14 3 0
14 3 0
14 3 1
14 3 0
14 3 0
14 3 0
14 3 0
14 4 0
14 4 0
14 4 0
14 4 0
6 0 0
13 4 0
14 4 0
14 4 1
14 4 0
14 4 0
14 4 0
14 4 0
14 4 0
14 4 0
14 4 0
14 4 0
14 4 1
14 4 0
14 4 0
14 4 0
14 4 0
14 4 0
14 4 0
14 4 0
14 4 0
14 4 0
14 4 1
14 4 0
15 4 1
14 4 0
14 4 0
14 4 0
14 4 0
14 4 0
14 4 0
14 4 0
14 4 0
14 4 0
14 4 0
14 4 0
14 4 0
14 4 0
14 4 0
14 4 0
14 4 2
14 4 0
14 4 0
14 4 0
14 4 0
14 4 0
14 4 0
14 4 0
14 4 0
14 4 0
14 4 1
14 4 0
14 4 0
14 4 0
14 4 0
14 4 0
14 4 0
14 4 0
14 4 0
14 4 0
14 4 0
14 4 1
14 4 0
14 4 0
14 4 0
14 4 0
14 4 1
14 4 0
14 4 0
14 4 0
14 4 0
14 4 0
14 4 0
14 4 0
14 4 0
14 4 0
14 4 0
14 4 0
14 4 0
14 4 0
14 4 0
14 4 0
14 4 0
14 4 0
14 4 0
14 4 0
14 4 0
14 4 0
14 4 0
14 4 0
14 4 0
14 4 0
14 4 0
14 4 1
14 4 0
14 4 0
14 4 0
14 4 1
14 4 0
14 4 0
14 4 0
14 4 0
14 4 0
14 4 0
14 4 0
14 4 0
14 4 0
14 4 1
14 4 0
14 4 0
14 4 1
14 4 1
14 4 0
14 4 0
14 4 0
14 4 0
14 4 1
14 4 0
14 4 0
14 4 0
14 4 0
14 4 0
14 4 0
14 4 0
14 4 0
14 4 0
14 4 0
14 4 0
14 4 0
14 4 0
14 4 0
14 4 0
14 4 0
14 4 0
14 4 0
14 4 0
14 4 0
14 4 0
14 4 0
14 4 1
14 4 0
14 4 0
14 4 0
14 4 0
14 4 0
14 4 0
14 4 0
14 4 1
14 4 0
14 4 1
14 4 0
14 4 1
14 4 0
14 4 1
14 4 0
14 4 0
14 4 0
14 4 0
14 4 0
14 4 0
14 4 0
14 4 0
14 4 0
14 4 0
14 4 1
14 4 0
14 4 0
14 4 0
14 4 0
14 4 0
14 4 0
14 4 0
14 4 0
14 4 0
14 4 0
14 4 0
14 4 0
14 4 0
14 4 0
14 4 0
14 4 0
14 4 1
14 4 0
14 4 0
14 4 0
14 4 0
14 4 0
14 4 0
14 4 0
14 4 0
14 4 0
14 4 0
14 4 0
14 4 0
14 4 0
14 4 0
14 4 0
14 4 1
14 4 0
14 4 0
14 4 1
14 4 0
14 4 1
14 4 0
14 4 0
14 4 0
14 4 0
14 4 0
14 4 0
14 4 0
14 4 0
14 4 0
14 4 0
14 4 0
14 4 0
14 4 0
14 4 0
14 4 0
14 4 0
14 4 0
14 4 1
14 4 0
14 4 0
14 4 0
14 4 0
14 4 0
14 4 1
14 4 0
14 4 0
14 4 0
14 4 0
14 4 0
14 4 0
14 4 0
14 4 0
14 4 0
14 4 1
14 4 0
14 4 0
14 4 0
14 4 0
14 4 0
14 4 0
14 4 1
14 4 0
14 4 0
14 4 0
14 4 0
14 4 0
14 4 0
14 4 0
14 4 0
14 4 0
14 4 0
14 4 0
14 4 0
14 4 0
14 4 0
14 4 0
14 4 0
14 4 0
14 4 0
14 4 0
14 4 0
14 4 0
14 4 0
14 4 0
14 4 0
14 4 0
14 4 0
14 4 0
14 4 0
14 4 0
14 4 0
14 4 0
14 4 0
14 4 0
14 4 0
14 4 0
14 4 0
14 4 0
14 4 0
14 4 0
14 4 0
14 4 0
14 4 0
14 4 0
14 4 0
14 4 0
14 4 0
14 4 0
14 4 0
14 4 0
14 4 0
14 4 0
14 4 0
14 4 0
14 4 0
14 4 0
14 4 0
14 4 0
14 4 0
14 4 0
14 4 0
14 4 0
14 4 1
14 4 0
14 4 0
14 4 0
14 4 0
14 4 1
14 4 0
14 4 0
14 4 0
14 4 0
14 4 0
14 4 0
14 4 1
14 4 0
14 4 0
14 4 0
14 4 0
14 4 0
14 4 0
14 4 1
14 4 0
14 4 0
14 4 0
14 4 0
14 4 0
14 4 0
14 4 0
14 4 0
14 4 0
14 4 0
14 4 0
14 4 0
14 4 0
14 4 0
14 4 0
14 4 1
14 4 0
14 4 0
14 4 0
14 4 0
14 4 0
14 4 1
14 4 0
14 4 1
14 4 1
14 4 0
14 4 0
14 4 0
14 4 0
14 4 0
14 4 1
14 4 0
14 4 0
14 4 0
14 4 0
14 4 0
14 4 0
14 4 0
14 4 1
14 4 0
14 4 0
14 4 0
14 4 1
14 4 0
14 4 0
14 4 0
14 4 0
14 4 0
14 4 0
14 4 0
14 4 0
14 4 0
14 4 1
14 4 0
14 4 1
14 4 0
14 4 1
14 4 0
14 4 0
14 4 0
14 4 0
14 4 0
14 4 0
14 4 0
14 4 1
14 4 0
14 4 0
14 4 0
14 4 0
14 4 0
14 4 0
14 4 0
14 4 0
14 4 1
14 4 0
14 4 0
14 4 0
14 4 0
14 4 0
14 4 0
14 4 0
14 4 0
14 4 0
14 4 0
14 4 0
14 4 0
14 4 0
14 4 0
14 4 0
14 4 1
14 4 0
14 4 0
14 4 1
14 4 0
14 4 0
14 4 0
14 4 1
14 4 0
14 4 0
14 4 1
14 4 0
14 4 0
14 4 0
14 4 0
14 4 0
14 4 0
14 4 1
14 4 0
14 4 0
14 4 0
14 4 0
14 4 0
14 4 0
14 4 0
14 4 1
14 4 0
14 3 0
14 3 0
14 3 0
14 3 0
14 3 0
14 3 0
14 3 0
14 3 0
14 3 0
14 3 0
14 3 0
14 3 0
14 3 1
14 3 1
151 10 2
61 5 0
19 3 0
14 3 0
14 3 0
20 4 0
14 3 0
22 4 0
30 4 0
33 4 0
54 5 0
19 3 0
14 3 0
61 5 1
17 3 0
23 4 1
110 7 0
20 4 1
14 3 0
14 3 0
14 3 0
56 5 1
14 3 0
39 4 0
22 4 1
33 4 1
31 4 0
29 4 0
28 4 1
27 4 0
28 4 0
25 4 0
26 4 0
26 4 0
30 4 0
28 4 0
28 4 1
27 4 0
27 4 0
27 4 1
27 4 0
27 4 0
28 4 1
27 4 0
28 4 0
28 4 1
28 4 0
30 4 0
29 4 0
28 4 0
27 4 0
26 4 0
26 4 0
26 4 0
28 4 0
28 4 1
27 4 1
25 4 0
26 4 1
26 4 0
26 4 0
25 4 0
25 4 0
25 4 0
25 4 0
24 4 0
24 4 1
23 4 0
25 4 1
24 4 0
24 4 0
24 4 0
29 4 0
28 4 0
26 4 1
25 4 1
26 4 0
25 4 0
26 4 0
25 4 0
25 4 0
26 4 0
27 4 1
27 4 0
27 4 0
27 4 0
27 4 0
27 4 0
30 4 0
28 4 1
28 4 0
27 4 0
28 4 0
30 4 0
29 4 0
27 4 0
27 4 0
27 4 0
26 4 0
27 4 0
26 4 0
26 4 0
26 4 0
26 4 0
27 4 1
26 4 0
27 4 0
26 4 0
30 4 1
27 4 0
26 4 0
26 4 1
26 4 1
25 4 0
27 4 0
25 4 0
26 4 1
27 4 0
27 4 0
27 4 0
28 4 0
27 4 0
28 4 1
27 4 0
26 4 0
26 4 0
25 4 0
25 4 0
27 4 0
29 4 1
27 4 0
26 4 0
26 4 0
26 4 0
26 4 0
26 4 0
26 4 0
25 4 0
26 4 1
24 4 0
25 4 0
24 4 1
24 4 0
24 4 0
24 4 0
24 4 0
28 4 0
26 4 0
25 4 0
26 4 1
26 4 0
27 4 1
27 4 0
25 4 0
26 4 0
25 4 0
27 4 0
26 4 0
26 4 0
26 4 0
27 4 0
28 4 0
28 4 0
28 4 0
28 4 0
27 4 0
31 4 0
32 4 1
29 4 0
28 4 0
29 4 0
27 4 2
29 4 1
27 4 0
27 4 1
27 4 0
27 4 0
28 4 1
27 4 0
28 4 0
30 4 0
29 4 0
28 4 0
28 4 0
27 4 0
25 4 0
26 4 0
25 4 0
26 4 0
25 4 0
26 4 0
27 4 0
26 4 0
27 4 0
28 4 1
27 4 1
27 4 0
27 4 1
27 4 0
27 4 0
30 4 0
29 4 0
28 4 0
27 4 0
27 4 1
26 4 0
27 4 1
26 4 0
159 10 2
14 3 1
16 3 0
28 4 1
43 5 0
38 4 0
29 4 0
34 4 0
35 4 0
41 4 0
37 4 0
33 4 0
38 4 0
34 4 1
32 4 0
50 5 0
69 5 1
53 5 0
26 4 1
25 4 0
24 4 0
29 4 1
40 4 0
51 5 0
39 4 0
36 4 0
28 4 0
23 4 0
26 4 0
35 4 0
46 5 0
57 5 0
55 5 0
24 4 0
22 4 0
20 4 0
31 4 0
38 4 0
45 0 0
23 4 0
28 4 1
32 4 0
50 5 0
56 5 0
50 5 0
24 4 0
23 4 1
25 4 0
1 0 0
36 4 0
46 5 0
63 5 1
14 3 0
16 3 0
15 3 0
17 3 0
22 4 1
27 4 0
17 3 0
26 4 1
53 5 0
37 4 0
31 4 0
31 4 0
29 4 1
28 4 0
30 4 0
29 4 0
27 4 0
28 4 0
29 4 1
28 4 0
26 4 0
41 4 0
25 4 1
66 5 1
22 4 0
25 4 1
25 4 0
83 6 1
18 3 0
23 4 1
29 4 0
32 4 0
30 4 0
82 6 2
18 3 0
23 4 0
27 4 0
25 4 0
74 6 1
20 4 0
21 4 1
26 4 0
32 4 1
31 4 1
68 5 1
21 4 0
23 4 0
25 4 0
72 6 0
150 10 2
13 3 0
2 0 0
14 3 0
185 11 3
21 4 0
2 0 0
14 4 1
1 0 0
10 0 0
24 4 0
14 3 0
24 4 0
19 3 0
21 4 0
23 4 0
21 4 0
17 3 0
19 3 0
15 3 0
4 2 0
14 3 0
129 9 0
17 3 0
16 3 0
13 3 0
23 4 0
186 11 0
14 3 0
13 3 0
13 3 0
14 3 0
37 4 0
16 3 0
14 3 0
72 6 1
14 3 0
14 3 0
25 4 1
17 3 0
14 3 0
14 3 1
14 3 0
14 3 0
14 3 0
14 3 0
14 3 0
14 3 0
14 3 0
14 3 0
14 3 1
14 3 0
14 3 1
14 3 0
14 3 0
14 3 0
14 3 0
14 3 0
14 3 0
14 3 0
14 3 0
14 3 0
14 3 1
14 3 0
14 3 0
14 3 0
14 3 0
14 3 0
14 3 0
14 3 0
14 3 0
14 3 0
14 3 0
14 3 0
14 3 0
14 3 0
14 3 0
14 3 0
14 3 0
14 3 0
14 3 0
14 3 0
14 3 0
14 3 0
14 3 0
14 3 0
14 3 0
14 3 0
14 3 0
14 3 0
14 3 0
14 3 0
14 3 0
14 3 0
14 3 0
14 3 0
14 3 0
14 3 0
14 3 0
14 3 0
14 3 0
14 3 0
14 3 0
14 3 0
14 3 0
14 3 0
14 3 0
14 3 0
14 3 0
14 3 0
14 3 0
14 3 0
14 3 0
14 3 0
14 3 0
14 3 0
14 3 0
14 3 0
14 3 0
14 3 0
14 3 0
14 3 0
14 3 0
14 3 0
14 3 0
14 3 0
14 3 0
14 3 0
14 3 1
14 3 0
14 3 0
14 3 0
14 3 0
14 3 0
14 3 1
14 3 0
14 3 0
14 3 0
14 3 1
14 3 0
14 3 0
14 3 0
14 3 0
14 3 0
14 3 0
14 3 0
14 3 1
14 3 0
14 3 0
14 3 0
14 3 0
14 3 0
14 3 0
14 3 0
14 3 0
14 3 0
14 3 0
14 3 0
14 3 0
14 3 0
14 3 0
14 3 0
14 3 0
14 3 0
14 3 0
14 3 0
14 3 0
14 3 0
14 3 0
14 3 0
14 3 0
14 3 0
14 3 0
14 3 0
14 3 0
14 3 0
14 3 0
14 3 0
14 3 0
14 3 0
14 3 0
14 3 0
14 3 0
14 3 0
14 3 0
14 3 0
14 3 0
14 3 0
14 3 0
14 3 0
14 3 0
14 3 0
14 3 0
14 3 0
14 3 0
14 3 0
14 3 0
14 3 0
14 3 0
14 3 0
14 3 0
14 3 0
14 3 0
14 3 0
14 3 0
14 3 0
14 3 1
14 3 0
14 3 1
14 3 0
14 3 0
14 3 0
14 3 0
14 3 0
14 3 0
14 3 0
14 3 0
14 3 0
14 3 1
14 3 0
14 3 0
14 3 0
14 3 1
14 3 0
14 3 0
14 3 0
14 3 0
14 3 0
14 3 0
14 3 0
14 3 0
14 3 0
14 3 0
14 3 0
14 3 0
14 3 1
14 3 0
14 3 0
14 3 0
14 3 1
14 3 0
14 3 1
14 3 0
14 3 0
14 3 0
14 3 1
14 3 1
14 3 0
14 3 0
14 3 0
14 3 0
14 3 0
14 3 0
14 3 0
14 3 0
14 3 0
14 3 0
14 3 0
14 3 0
14 3 0
14 3 0
14 3 0
14 3 0
14 3 0
14 3 0
14 3 0
14 3 0
14 3 0
14 3 0
14 3 0
14 3 0
14 3 0
14 3 0
14 3 0
14 3 0
14 3 0
14 3 0
14 3 0
14 3 1
14 3 0
14 3 1
14 3 0
14 3 0
14 3 0
14 3 1
14 3 0
14 3 0
14 3 0
14 3 0
14 3 0
14 3 0
14 3 0
14 3 0
14 3 0
14 3 0
14 3 0
14 3 0
14 3 0
14 3 2
14 3 0
14 3 0
14 3 0
14 3 0
14 3 0
14 3 1
14 3 0
14 3 1
14 3 0
14 3 0
14 3 0
14 3 0
14 3 0
14 3 0
14 3 0
14 3 0
14 3 0
14 3 0
14 3 0
14 3 0
14 3 0
14 3 0
14 3 0
14 3 0
14 3 0
14 3 0
14 3 0
14 3 0
14 3 1
14 3 0
14 3 0
14 3 0
14 3 0
14 3 0
14 3 0
14 3 0
14 3 0
14 3 0
14 3 0
14 3 0
14 3 0
14 3 1
14 3 1
14 3 0
14 3 0
14 3 0
14 0 0
14 3 0
14 3 0
14 3 0
14 3 0
14 3 0
14 3 1
14 3 0
14 3 0
14 3 0
14 3 2
14 3 0
14 3 0
14 3 0
14 3 0
14 3 0
14 3 0
14 3 0
14 3 0
14 3 0
14 3 0
14 3 0
14 3 0
14 3 0
14 3 0
14 3 0
14 3 0
14 3 0
14 3 0
14 3 0
14 3 0
14 3 0
14 3 0
14 3 0
14 3 0
14 3 0
14 3 0
14 3 0
14 3 0
14 3 0
14 3 0
14 3 0
14 3 0
14 3 0
14 3 0
14 3 0
14 3 0
14 3 0
14 3 1
14 3 0
14 3 1
14 3 0
14 3 0
14 3 0
14 3 0
1 0 0
13 3 1
14 3 0
14 3 0
14 3 0
14 3 0
14 3 0
14 3 0
14 3 0
14 3 0
14 3 0
14 3 0
14 3 0
14 3 0
14 3 0
14 3 0
14 3 0
14 3 0
14 3 0
14 3 0
14 3 1
14 3 1
14 3 0
14 3 0
14 3 0
14 3 0
14 3 0
14 3 0
14 3 0
14 3 0
14 3 0
14 3 0
14 3 0
14 3 0
14 3 0
14 3 0
14 3 0
14 3 0
14 3 0
14 3 0
14 3 0
14 3 0
14 3 0
14 3 0
14 3 0
14 3 0
14 3 0
14 3 0
14 3 0
14 3 0
14 3 0
14 3 0
14 3 0
14 3 0
14 3 1
14 3 0
14 3 0
14 3 0
14 3 0
14 3 0
14 3 0
14 3 0
14 3 0
14 3 0
14 3 0
14 3 0
14 3 0
14 3 0
14 3 0
14 3 0
14 3 0
14 3 0
14 3 0
14 3 0
14 3 0
14 3 0
14 3 0
14 3 0
14 3 0
14 3 0
14 3 0
14 3 0
14 3 0
14 3 0
14 3 0
14 3 0
14 3 0
14 3 0
14 3 0
14 3 0
14 3 0
14 3 0
14 3 0
14 3 0
14 3 1
14 3 0
14 3 0
14 3 0
14 3 0
14 3 1
14 3 0
14 3 1
14 3 0
14 3 0
14 3 0
14 3 1
14 3 0
14 3 0
14 3 0
14 3 0
14 3 1
14 3 0
14 3 0
14 3 0
14 3 0
14 3 0
14 3 0
14 3 0
14 3 0
14 3 1
14 3 0
14 3 0
14 3 0
14 3 0
14 3 0
14 3 0
14 3 0
14 3 1
14 3 0
14 3 1
14 3 0
14 3 0
14 3 0
14 3 0
14 3 0
14 3 0
14 3 0
14 3 0
14 3 0
14 3 0
14 3 0
14 3 0
14 3 1
14 3 0
14 3 0
14 3 0
14 3 0
14 3 0
14 3 0
14 3 0
14 3 0
14 3 0
14 3 0
14 3 0
14 3 0
14 3 0
14 3 0
14 3 0
14 3 0
14 3 0
14 3 0
14 3 0
14 3 0
14 3 0
14 3 0
14 3 0
14 3 1
14 3 0
14 3 0
14 3 0
14 3 0
14 3 0
14 3 1
14 3 0
14 3 1
14 3 0
14 3 0
14 3 0
14 3 0
14 3 1
14 3 0
14 3 0
14 3 0
14 3 0
14 3 0
14 3 0
14 3 0
14 3 0
14 3 0
14 3 0
14 3 0
14 3 0
14 3 0
14 3 0
14 3 0
14 3 1
14 3 0
14 3 0
14 3 0
14 3 1
14 3 0
14 3 0
14 3 0
14 3 0
14 3 0
14 3 0
14 3 0
14 3 0
14 3 0
14 3 0
14 3 0
14 3 1
4 0 0
5 3 0
14 3 0
14 3 0
14 3 0
14 3 0
14 3 0
14 3 0
14 3 0
14 3 0
14 3 0
14 3 0
14 3 0
14 3 0
14 3 0
14 3 1
14 3 0
14 3 0
14 3 0
14 3 0
14 3 0
14 3 0
14 3 0
14 3 0
14 3 0
14 3 0
14 3 0
14 3 0
14 3 0
14 3 0
14 3 0
14 3 0
14 3 0
14 3 0
14 3 1
14 3 0
14 3 0
14 3 0
14 3 0
14 3 0
14 3 0
14 3 0
204 11 1
22 3 0
153 14 3
15 4 0
2 0 0
24 5 0
14 4 0
21 5 0
16 4 0
19 4 0
173 14 1
94 9 0
5 3 0
9 3 0
18 4 0
2 2 0
13 4 0
14 4 1
17 4 0
18 4 1
31 5 0
22 5 0
29 5 0
14 4 0
17 4 0
33 5 1
38 6 0
31 5 1
14 4 0
13 4 0
151 14 1
21 5 0
17 4 0
17 4 0
13 4 0
13 4 0
140 14 1
19 4 1
17 4 0
13 4 0
13 4 0
67 7 0
99 9 1
31 5 0
14 4 0
13 4 0
14 4 0
81 8 0
15 4 0
14 4 0
26 5 0
17 4 0
14 4 0
14 4 0
14 4 0
14 4 0
14 4 0
6 3 0
1 2 0
181 14 1
18 4 0
38 6 0
35 6 0
52 7 1
38 6 0
30 5 0
32 5 0
32 5 0
35 6 1
46 6 0
43 6 0
49 6 1
51 7 0
49 6 1
41 6 0
39 6 1
33 5 0
34 5 1
36 6 0
34 5 1
42 6 0
35 6 0
32 5 0
34 6 0
62 7 1
59 7 1
58 7 0
64 7 2
61 7 0
57 7 0
61 7 1
40 6 0
32 5 0
26 5 1
37 6 0
40 6 0
43 6 1
44 6 1
48 6 1
51 6 3
15 6 0
1 0 0
31 0 0
45 6 0
43 5 0
43 5 0
43 5 0
41 4 0
45 5 0
45 5 2
22 0 1
32 4 0
38 4 0
35 4 0
37 4 0
34 4 0
33 4 0
31 4 0
35 4 0
38 4 0
42 5 0
31 4 0
36 4 0
37 4 1
36 4 0
36 4 0
34 4 0
31 4 0
30 4 1
29 4 0
34 4 0
34 4 1
35 4 0
44 5 1
38 4 0
41 4 1
43 5 0
36 4 0
35 4 1
36 4 1
36 4 0
22 4 2
31 4 0
32 4 0
32 4 0
33 4 0
38 4 0
39 4 0
39 4 1
37 4 0
39 4 1
37 4 0
36 4 1
35 4 1
18 5 0
1 0 0
27 0 0
32 4 1
17 4 0
1 0 0
23 0 0
38 4 0
33 4 0
46 5 0
30 4 2
35 4 0
29 4 0
39 4 1
35 4 0
40 4 0
36 4 0
33 4 0
42 5 0
42 5 0
45 5 0
36 4 0
32 4 0
30 4 1
33 4 0
36 4 0
36 4 0
30 4 1
24 4 0
28 4 0
25 4 1
27 4 0
28 4 0
33 4 0
34 4 0
35 4 1
37 4 0
41 4 0
44 5 1
48 5 1
40 4 0
35 4 0
32 4 1
33 4 0
37 4 0
31 4 1
32 4 0
30 4 1
33 4 1
27 4 1
30 4 0
28 4 1
22 4 0
28 4 1
25 4 2
22 4 1
32 4 0
31 4 0
46 6 0
43 6 1
56 7 1
43 6 0
50 6 1
55 7 0
44 6 0
44 6 0
38 6 0
35 6 0
32 5 1
38 6 0
36 6 0
39 6 0
38 6 0
39 6 0
34 6 0
34 6 0
34 6 0
32 5 0
30 5 0
32 5 0
25 5 0
32 5 0
23 5 1
27 5 0
24 5 0
30 5 0
36 6 0
29 5 0
32 5 0
37 6 1
38 6 1
41 6 1
46 6 1
44 6 0
37 6 0
41 6 1
43 6 1
37 6 0
37 6 0
35 6 0
47 6 1
9 1 0
35 6 0
34 6 0
30 5 1
26 5 0
23 5 0
27 5 0
25 5 0
27 5 0
22 5 0
21 5 0
26 5 0
19 4 0
30 5 0
23 5 0
28 5 1
24 5 0
42 6 1
32 5 0
26 5 1
25 5 0
24 5 1
24 5 0
24 5 0
23 5 0
23 5 0
21 5 1
26 5 0
34 6 0
55 7 0
44 6 0
55 7 2
56 7 0
58 7 0
60 7 1
51 7 0
45 6 0
41 6 0
41 6 2
31 5 1
69 7 1
56 7 0
49 6 0
21 5 0
36 6 0
22 5 0
21 5 0
18 4 0
22 5 0
26 5 0
34 6 2
44 6 0
36 6 0
35 6 0
39 6 0
38 6 0
41 6 0
45 6 0
40 6 1
33 5 0
29 5 0
26 5 0
26 5 0
32 5 0
32 5 0
36 6 0
37 6 0
36 6 0
34 6 1
33 5 0
35 6 0
30 5 0
24 5 0
28 5 1
25 5 0
24 5 0
28 5 0
27 5 0
28 5 1
35 6 0
34 6 0
32 5 0
35 6 0
34 6 0
34 6 0
36 6 0
43 6 1
35 6 0
87 8 0
34 6 0
29 5 0
29 5 0
31 5 0
42 6 2
28 5 1
28 5 0
27 5 0
30 5 0
25 5 0
23 5 1
22 5 1
20 5 0
19 4 0
25 5 1
26 5 0
31 5 0
40 6 1
25 5 0
23 5 1
33 5 0
29 5 0
34 6 0
46 6 1
53 7 0
53 7 0
50 6 0
50 6 1
50 6 0
39 6 0
34 6 1
39 6 0
40 6 0
36 6 0
48 6 0
53 7 1
49 6 0
61 7 1
35 6 0
37 6 0
33 5 0
30 5 0
31 5 0
25 5 0
26 5 0
25 5 0
28 5 0
27 5 0
34 6 0
31 5 0
40 6 0
40 6 0
37 6 0
41 6 0
45 6 1
49 6 0
46 6 1
28 5 0
21 5 0
18 4 0
14 4 0
20 5 0
19 4 0
29 5 0
30 5 1
35 6 0
31 5 0
29 5 0
25 5 0
30 5 0
26 5 0
21 5 0
18 4 0
14 4 0
14 4 0
30 5 0
30 5 0
45 6 0
69 7 0
67 7 0
62 7 0
76 4 1
59 4 0
44 4 0
41 4 0
32 3 0
33 3 0
35 3 0
32 3 0
34 3 0
30 3 1
31 3 0
31 3 0
22 3 0
23 3 1
21 3 0
17 3 0
23 3 0
19 3 0
20 3 1
19 3 0
16 3 0
17 3 0
14 3 0
20 3 0
16 3 0
16 3 0
27 3 0
37 3 1
25 3 0
27 3 1
45 4 0
56 4 0
62 4 1
72 4 0
64 4 0
74 4 1
63 4 0
54 4 0
37 3 1
36 3 0
41 4 1
36 3 0
37 3 0
39 3 0
42 4 1
42 4 0
48 4 0
54 4 0
43 4 1
19 3 0
29 3 0
25 3 0
29 3 0
29 3 0
35 3 0
39 3 0
43 4 0
46 4 1
49 4 0
40 3 1
42 4 0
36 3 0
33 3 0
31 3 0
29 3 0
39 3 0
71 4 1
44 4 0
35 3 1
34 3 1
24 3 0
23 3 0
19 3 0
16 3 0
22 3 1
17 3 0
23 3 0
16 3 0
24 3 0
33 3 0
20 3 0
26 3 0
25 3 0
40 3 0
50 4 0
60 4 1
56 4 1
64 4 1
56 4 1
59 4 0
54 4 0
49 4 0
34 3 0
35 3 0
31 3 1
27 3 0
22 3 1
25 3 0
29 3 1
23 3 0
21 3 0
29 3 0
25 3 0
25 3 0
32 3 1
28 3 0
26 3 0
36 3 1
32 3 0
53 4 1
60 4 0
55 4 0
46 4 1
47 4 0
43 4 0
46 4 1
45 4 1
44 4 0
49 4 0
44 4 0
30 3 0
34 3 0
34 3 0
29 3 0
32 3 0
29 3 0
31 3 0
34 3 0
27 3 1
25 3 1
21 3 0
26 3 0
21 3 0
31 3 2
26 3 1
23 3 0
21 3 1
26 3 2
36 3 1
35 3 0
48 4 1
40 3 0
37 3 0
41 4 0
39 3 0
40 3 0
41 4 1
34 3 0
33 3 0
34 3 0
27 3 1
27 5 0
44 5 1
42 5 0
42 5 0
46 6 0
38 5 0
38 5 1
32 5 0
37 5 0
27 5 0
28 5 0
39 5 1
33 5 0
36 5 1
32 5 0
31 5 0
24 4 0
24 4 0
25 4 1
43 5 1
23 4 0
24 4 0
20 4 0
20 4 0
33 5 0
23 4 0
22 4 1
30 5 0
25 4 0
21 4 0
22 4 0
21 4 0
20 4 1
19 4 0
21 4 0
28 5 0
22 4 0
40 5 1
35 5 0
30 5 0
33 5 0
34 5 0
22 4 0
21 4 0
23 4 0
21 4 0
36 5 0
28 5 1
28 5 0
32 5 0
43 5 0
32 5 0
32 5 1
56 6 0
61 6 0
61 6 1
53 6 0
49 6 1
53 6 0
31 5 0
25 4 1
16 4 0
1 0 0
24 4 0
50 6 0
20 6 1
52 6 0
40 5 0
40 5 0
32 5 0
32 5 1
27 5 0
22 4 0
20 4 0
25 4 0
22 4 0
21 4 0
32 5 0
20 4 0
20 4 0
18 4 1
46 5 2
52 6 0
57 6 0
66 6 1
70 7 1
50 6 1
47 6 0
37 5 0
33 5 0
29 5 0
25 4 0
26 4 0
37 5 1
21 4 0
29 5 1
22 4 1
21 4 0
21 4 1
22 4 1
19 4 0
56 6 1
73 7 1
71 7 0
80 7 0
66 6 0
135 11 1
24 4 0
28 5 0
14 4 0
16 4 0
30 5 0
32 5 0
44 5 1
40 5 1
49 6 1
39 5 0
36 5 0
41 5 0
37 5 3
33 5 0
74 7 0
30 5 0
14 4 0
18 4 1
15 4 0
19 4 0
27 5 0
34 5 1
43 5 0
44 5 0
36 5 0
36 5 0
30 5 0
31 5 0
23 4 0
19 4 1
18 4 0
24 4 0
32 5 0
48 6 0
53 6 0
53 6 0
36 5 0
33 5 0
30 5 0
25 4 0
22 4 0
33 5 1
24 4 0
23 4 0
33 5 1
20 4 0
29 5 0
24 4 0
31 5 1
33 5 0
38 5 0
39 5 2
31 5 0
27 5 0
22 4 0
22 4 0
20 4 0
20 4 0
18 4 0
17 4 0
22 4 0
29 5 0
24 4 0
142 12 2
21 4 0
26 4 1
22 4 0
24 4 0
23 4 0
19 4 0
19 4 1
16 4 0
20 4 0
17 3 0
23 4 0
38 4 0
32 4 1
34 4 0
61 5 0
31 4 0
30 4 0
26 4 0
29 4 0
23 4 0
25 4 0
23 4 0
25 4 1
28 4 1
105 11 0
24 4 0
18 3 0
24 4 1
22 4 0
22 4 0
26 4 0
56 5 0
69 5 2
118 7 2
58 5 1
41 4 0
36 4 0
38 4 0
38 4 0
32 4 1
27 4 0
27 4 0
35 4 1
25 4 0
24 4 0
22 4 0
14 3 0
50 5 2
28 4 0
35 4 0
31 4 0
22 4 0
23 4 0
25 4 0
32 4 0
26 4 0
38 4 2
26 4 0
32 4 0
40 4 0
54 5 1
54 5 1
53 5 0
48 5 0
46 5 1
47 5 1
50 5 1
59 5 0
64 5 1
38 4 1
34 4 0
30 4 0
26 4 0
22 4 1
27 4 0
23 4 0
23 4 0
36 4 0
31 4 1
29 4 1
31 4 0
36 4 0
35 4 0
38 4 0
40 4 1
55 5 0
66 5 0
54 5 0
44 5 2
52 5 0
38 4 2
10 4 1
1 0 0
20 0 1
29 4 0
27 4 1
24 4 0
33 4 0
22 4 0
36 4 0
32 4 0
41 4 0
48 5 0
49 5 1
57 5 1
51 5 1
41 4 0
32 4 1
43 5 1
43 5 0
33 4 0
30 4 0
25 4 1
22 4 0
22 4 1
26 4 1
37 4 1
36 4 0
40 4 0
45 5 1
50 5 0
36 4 0
49 5 1
51 5 0
35 4 0
40 4 0
40 4 0
39 4 1
34 4 0
28 4 1
35 4 0
31 4 0
32 4 0
32 4 0
28 4 0
36 4 0
39 4 0
38 4 0
41 4 0
41 4 0
30 4 0
29 4 0
27 4 1
24 4 0
24 4 0
23 4 0
17 3 0
24 4 0
19 3 0
30 4 0
21 4 0
50 5 0
53 5 0
53 5 0
57 5 1
50 5 0
44 5 0
38 4 0
39 4 0
34 4 0
38 4 0
29 4 0
36 4 0
26 4 0
30 4 0
36 4 0
27 4 1
29 4 0
29 4 0
31 4 0
31 4 0
37 4 1
36 4 1
33 4 0
39 4 0
41 4 2
22 4 0
22 4 0
22 4 0
34 4 0
37 4 1
33 4 0
41 4 0
42 5 0
34 4 1
15 4 0
1 0 0
17 0 0
30 4 0
24 4 1
28 4 0
25 4 0
35 0 1
34 4 0
42 5 0
53 5 0
37 4 0
40 4 1
33 4 0
37 4 0
33 4 1
38 4 0
33 4 0
38 4 0
38 4 0
31 4 0
33 4 1
19 4 0
32 4 0
33 4 0
29 4 0
32 4 0
36 4 0
42 5 0
55 5 1
94 6 0
35 4 0
50 5 0
39 4 0
40 4 0
34 4 0
38 4 0
38 4 0
27 4 0
38 4 1
35 4 0
29 4 0
27 4 1
26 4 0
25 4 0
29 4 0
33 4 1
31 4 0
31 4 0
37 4 0
33 4 0
31 4 1
36 4 1
41 4 1
27 4 0
28 4 0
29 4 0
28 4 0
30 4 0
37 4 0
43 5 1
34 4 0
36 4 0
38 4 0
30 4 1
42 5 0
31 4 0
31 4 0
34 4 0
28 4 0
30 4 0
26 4 0
41 4 0
21 4 0
25 4 0
40 4 0
30 4 0
48 5 0
36 4 0
41 4 0
39 4 1
38 4 0
42 5 0
44 5 0
38 4 0
3 0 0
51 5 0
39 4 0
48 5 1
38 4 0
29 4 0
35 4 0
34 4 0
33 4 0
36 4 1
33 4 0
42 5 0
40 4 1
33 4 0
31 4 0
40 4 0
29 4 0
28 4 0
31 4 1
27 4 0
35 4 0
35 4 1
36 4 0
46 5 1
50 5 0
37 4 0
26 4 0
32 4 0
27 4 1
29 4 0
29 4 0
37 4 1
34 4 1
31 4 0
35 4 0
34 4 0
35 4 0
30 4 1
32 4 0
36 4 0
32 4 0
38 4 1
39 4 0
34 4 0
40 4 1
36 4 1
32 4 1
24 4 0
29 4 0
27 4 0
47 5 0
50 5 0
35 4 1
41 4 0
34 4 0
34 4 0
35 4 0
31 4 1
26 4 0
34 4 0
30 4 0
28 4 1
38 4 0
30 4 0
31 4 0
30 4 0
31 4 0
30 4 0
23 4 0
33 4 0
25 4 0
17 3 0
28 4 0
24 4 0
21 4 0
18 3 1
16 3 1
16 3 0
22 4 0
30 4 1
26 4 0
21 4 0
30 4 0
23 4 0
23 4 0
23 4 0
23 4 1
33 4 1
32 4 0
27 4 0
3 0 0
7 4 0
30 4 0
30 4 0
27 4 0
27 4 1
43 5 0
33 4 0
33 4 0
30 4 2
35 4 0
44 5 0
27 4 0
40 4 0
21 4 1
24 4 0
24 4 1
30 4 0
26 4 0
25 4 0
37 4 1
30 4 0
27 4 0
29 4 0
34 4 0
33 4 0
30 4 0
33 4 0
33 4 0
21 4 0
30 4 0
29 4 0
26 4 0
38 4 0
32 4 0
47 5 2
39 4 3
40 4 0
1 0 0
34 4 2
34 4 0
35 4 1
33 4 0
31 5 3
28 5 0
38 5 4
41 5 1
37 5 1
28 5 1
31 5 1
33 5 1
38 5 0
29 5 0
31 5 1
35 5 2
36 5 3
1 0 0
36 5 0
44 5 2
46 5 1
55 6 3
62 9 3
57 9 0
59 9 2
31 7 0
47 8 0
64 10 2
63 9 1
37 7 1
49 8 2
36 7 2
1 0 0
38 7 0
53 9 1
57 9 1
28 7 4
17 7 1
1 0 0
15 0 1
23 6 0
29 7 0
34 7 1
34 7 0
60 9 3
12 8 1
1 0 0
28 0 1
45 8 1
41 8 2
51 8 1
44 8 1
46 8 1
7 0 0
32 7 0
30 7 1
32 7 1
34 7 1
36 7 1
50 8 0
41 8 3
47 8 2
41 8 0
45 8 0
37 7 0
37 7 1
34 7 3
32 7 2
32 7 1
32 7 1
31 7 0
44 8 2
26 6 1
31 7 1
35 7 5
38 7 1
37 7 3
36 7 1
1 0 0
34 7 4
36 7 2
1 0 0
1 0 0
45 8 0
51 9 0
46 8 1
38 7 1
32 7 1
27 6 1
30 7 0
27 6 0
37 7 1
36 7 1
43 8 2
50 8 2
48 8 3
41 8 1
38 7 1
38 7 0
33 7 0
30 7 2
34 7 1
33 7 1
11 7 1
1 0 0
20 0 0
47 8 0
42 8 3
47 8 1
1 0 0
1 0 0
43 8 0
30 7 0
32 7 1
26 6 0
26 6 0
36 7 0
36 7 1
35 7 1
35 7 1
36 7 2
32 7 1
33 7 1
30 7 0
27 6 0
31 7 1
28 7 0
1 0 0
41 8 1
33 7 2
29 7 0
31 7 2
29 7 0
27 6 0
36 7 0
43 8 2
36 7 2
34 7 1
1 0 0
29 7 0
33 7 0
35 7 2
37 7 0
37 7 3
37 7 1
32 7 1
33 7 0
46 8 1
36 7 0
43 8 1
41 8 1
39 8 2
41 8 2
39 8 0
44 8 3
42 8 1
28 6 1
26 6 2
28 7 1
30 7 0
37 7 0
34 7 1
35 7 1
41 8 1
41 8 1
41 8 1
53 9 0
44 8 1
47 8 1
45 8 1
46 8 1
37 7 0
42 8 2
25 6 0
24 6 1
27 6 0
34 7 1
32 7 0
28 7 0
23 6 2
26 6 1
30 7 1
28 7 1
31 7 2
40 8 0
41 8 0
39 7 2
50 8 0
46 8 4
38 7 1
36 7 0
29 7 1
25 6 0
37 7 2
36 7 0
38 7 2
30 7 4
30 7 2
32 7 1
34 7 1
36 7 1
33 7 0
35 7 2
40 8 1
41 8 1
31 7 2
23 6 1
26 6 4
26 6 0
27 7 0
38 8 1
39 9 0
37 8 1
47 9 2
36 8 2
41 9 2
37 8 1
37 8 1
30 8 1
36 8 1
46 9 1
39 9 0
48 9 1
43 9 2
37 8 1
38 8 2
39 9 2
1 0 0
36 8 2
34 8 2
34 8 0
35 8 1
34 8 2
33 8 0
26 7 1
5 0 0
27 7 2
31 8 1
37 8 0
36 8 0
29 8 0
30 8 0
30 8 0
33 8 1
35 8 2
32 8 2
30 8 0
30 8 3
28 7 2
27 7 0
27 7 1
32 8 2
29 8 1
35 8 4
1 0 0
2 0 0
34 8 0
36 8 1
41 9 0
34 8 3
48 9 1
47 9 2
35 8 0
35 8 2
37 8 2
32 8 2
35 8 2
37 8 0
50 10 1
51 10 0
48 9 1
45 9 1
31 8 2
35 8 2
35 8 1
34 8 2
34 8 1
32 8 2
27 7 2
28 7 1
28 7 2
26 7 0
29 8 2
33 8 2
1 0 0
33 8 1
38 8 1
35 8 2
34 8 2
23 7 0
24 7 1
35 8 1
28 7 0
27 7 3
36 8 1
32 8 0
32 8 1
30 8 1
33 8 0
28 7 1
27 7 2
25 7 0
22 7 0
28 7 0
28 7 2
33 8 0
39 9 1
38 8 1
40 0 1
46 9 3
42 9 0
48 9 2
50 10 1
56 10 0
45 9 1
47 9 1
37 8 0
33 8 1
33 8 2
32 8 1
34 8 0
32 8 0
34 8 1
33 8 1
38 8 0
36 8 3
15 7 1
1 0 0
13 0 1
1 0 0
22 7 3
25 7 1
32 8 1
29 7 1
29 8 1
41 9 2
47 9 3
46 9 1
53 10 1
49 10 2
35 8 0
47 9 2
8 7 1
1 0 0
15 0 0
1 0 1
26 7 1
29 8 1
32 8 3
20 6 3
21 7 0
43 9 2
44 9 2
42 9 0
1 0 0
45 9 1
46 9 2
43 9 2
45 9 1
46 9 0
35 8 1
34 8 1
33 8 2
34 8 3
1 0 0
5 0 0
38 8 0
51 10 1
32 8 1
45 9 1
32 8 2
26 7 2
37 8 2
27 7 0
32 8 4
39 9 2
39 8 1
39 8 1
44 9 0
40 9 0
39 8 3
37 8 0
46 9 0
37 8 0
34 8 0
35 8 0
27 7 4
29 8 1
33 8 1
31 8 2
18 8 0
1 0 0
15 0 0
34 8 0
34 8 0
40 8 5
39 9 2
38 8 0
34 8 0
31 8 1
18 8 1
1 0 0
11 0 1
34 8 2
39 8 3
41 9 3
16 0 0
1 0 0
2 0 0
13 8 0
28 7 0
30 8 0
30 8 1
36 8 1
38 8 2
35 8 3
40 9 2
40 9 2
35 8 1
1 0 0
1 0 0
31 8 1
37 8 2
41 9 1
45 9 2
30 8 0
25 7 1
30 8 3
26 7 0
24 7 0
33 8 0
28 7 0
28 7 2
29 8 1
30 8 2
28 7 0
29 8 1
29 8 3
38 8 0
38 8 1
39 9 1
53 10 1
45 9 1
33 8 4
37 8 1
1 0 0
13 8 0
1 0 0
16 0 1
33 8 0
33 8 1
33 8 0
32 8 0
45 9 3
41 9 2
42 9 1
42 9 2
13 5 0
15 6 1
13 5 1
13 5 1
13 5 1
12 5 0
12 5 0
20 6 0
16 6 0
12 5 0
11 5 0
8 5 0
8 5 0
7 4 0
10 5 0
10 5 0
16 6 0
12 5 0
19 6 1
13 5 0
14 5 1
13 5 0
13 5 0
13 5 0
13 5 0
13 5 1
13 5 0
13 5 1
13 5 0
1 0 0
13 5 0
13 5 0
13 5 0
13 5 0
13 5 2
13 5 1
13 5 0
13 5 0
12 5 0
21 6 0
13 5 1
13 5 0
13 5 0
13 5 0
13 5 0
13 5 0
13 5 0
13 5 0
13 5 1
13 5 2
13 5 1
20 6 1
19 6 0
21 6 0
13 5 0
13 5 1
13 5 1
13 5 0
13 5 1
13 5 1
12 5 1
7 4 4
7 4 0
7 4 0
7 4 0
6 4 0
7 4 0
5 4 1
4 3 0
4 3 2
4 3 0
3 3 0
3 3 0
3 3 0
4 3 1
2 3 0
2 3 0
4 4 0
5 4 0
5 4 0
2 3 0
3 4 0
3 4 0
3 4 0
2 3 0
3 4 0
2 3 0
3 4 0
3 4 0
3 4 0
2 3 0
2 3 0
3 4 0
2 3 0
3 4 0
2 3 0
3 4 0
3 4 0
3 4 0
2 3 0
2 3 0
3 4 0
2 3 0
2 3 0
2 3 0
2 3 0
2 3 0
2 3 0
2 3 0
2 3 0
2 3 1
2 3 1
3 4 1
3 4 1
3 4 0
2 3 0
3 4 0
3 4 0
3 4 0
3 4 0
4 4 0
2 3 0
4 4 0
3 4 0
3 4 0
2 3 0
3 4 0
2 3 0
2 3 0
2 3 0
2 3 0
2 3 0
2 3 0
2 3 0
2 3 0
2 3 0
3 4 0
2 3 0
3 4 0
2 3 0
3 4 0
2 3 0
2 3 0
2 3 0
2 3 0
3 4 0
2 3 0
3 4 0
3 4 0
3 4 0
3 4 1
2 3 0
3 4 0
3 4 0
2 3 0
3 4 0
2 3 0
2 3 0
2 3 0
2 3 0
2 3 0
2 3 0
2 3 0
2 3 0
2 3 0
2 3 0
2 3 0
2 3 1
3 4 0
2 3 1
2 3 0
3 4 0
2 3 0
2 3 0
2 3 0
2 3 0
2 3 0
2 3 1
2 3 0
2 3 0
2 3 0
2 3 0
2 3 0
2 3 0
2 3 0
2 3 0
2 3 0
2 3 0
2 3 0
2 3 0
3 4 0
2 3 0
2 3 0
2 3 0
2 3 0
2 3 0
2 3 0
2 3 0
2 3 0
2 3 0
2 3 0
2 3 0
2 3 0
2 3 0
2 3 0
2 3 0
2 3 1
2 3 0
1 0 0
2 3 0
2 3 0
2 3 0
2 3 0
2 3 0
2 3 0
2 3 0
2 3 0
2 3 0
2 3 0
2 3 0
2 3 0
2 3 0
2 3 0
2 3 0
2 3 0
3 4 0
20 7 0
10 6 0
13 6 0
14 6 0
13 6 0
17 7 1
14 6 3
13 6 0
13 6 0
13 6 0
13 6 0
13 6 0
18 7 0
14 6 0
13 6 0
14 6 0
14 6 0
14 6 0
13 6 0
13 6 0
13 6 0
18 7 0
14 6 0
13 6 0
14 6 0
14 6 0
13 6 0
16 7 0
14 6 0
13 6 0
14 6 0
13 6 0
13 6 0
14 6 0
14 6 0
13 6 0
13 6 0
10 6 0
14 6 0
13 6 0
14 6 0
13 6 0
12 6 0
14 6 0
13 6 0
14 6 0
14 6 0
13 6 0
13 6 0
13 6 0
13 6 0
13 6 0
14 6 0
14 6 0
14 6 0
14 6 0
14 6 0
14 6 0
14 6 0
14 6 0
14 6 0
14 6 0
14 6 0
14 6 0
14 6 0
14 6 0
14 6 0
13 6 0
13 6 0
13 6 0
13 6 0
14 6 0
14 6 0
14 6 0
13 6 0
14 6 0
14 6 0
14 6 0
14 6 0
14 6 0
13 6 0
13 6 0
13 6 0
13 6 0
14 6 0
14 6 0
14 6 0
14 6 0
14 6 0
14 6 0
14 6 0
14 6 0
13 6 0
14 6 0
14 6 0
13 6 0
14 6 0
13 6 0
13 6 0
13 6 3
13 6 0
13 6 0
13 6 0
13 6 0
13 6 0
13 6 0
14 6 0
13 6 0
12 6 0
14 5 0
13 5 0
13 5 0
14 5 0
13 5 0
13 5 0
14 5 0
14 5 0
14 5 1
14 5 0
14 5 0
14 5 0
14 5 0
14 5 0
14 5 0
14 5 0
14 5 0
14 5 0
14 5 0
14 5 0
14 5 0
14 5 0
14 5 0
14 5 0
14 5 0
14 5 0
14 5 1
14 5 0
14 5 0
14 5 0
13 5 0
13 5 0
14 5 0
14 5 0
14 5 0
13 5 0
13 5 0
13 5 0
13 5 0
13 5 1
13 5 0
1 0 0
13 4 0
13 4 0
14 4 0
13 4 0
14 4 0
14 4 0
14 4 0
13 4 0
13 4 0
13 4 0
13 4 0
12 3 0
14 4 0
14 4 0
13 4 0
13 4 0
41 5 0
13 4 0
13 4 0
14 4 0
14 4 0
14 4 0
14 4 0
14 4 0
14 4 0
14 4 0
13 4 0
14 4 0
14 4 0
14 4 0
14 4 0
13 4 0
14 4 0
14 4 0
14 4 0
14 4 0
13 4 0
14 4 0
14 4 0
14 4 0
13 4 0
14 4 0
14 4 0
14 4 0
13 4 0
13 4 0
13 4 0
14 4 0
13 4 0
14 4 0
14 4 0
14 4 0
14 4 0
13 4 0
14 4 0
14 4 0
14 4 0
14 4 0
14 4 0
14 4 0
14 3 0
14 3 0
13 3 0
14 3 0
14 3 0
14 3 0
13 3 0
13 3 0
14 3 0
14 3 0
14 3 0
14 3 0
1 0 0
14 3 0
14 3 0
14 3 0
14 3 0
13 3 0
13 3 0
14 3 0
14 3 0
13 3 0
14 3 0
13 3 0
14 3 0
14 3 0
14 3 0
14 3 0
13 3 0
14 3 0
14 3 0
14 3 0
14 3 0
13 3 0
13 3 0
14 3 0
14 3 2
2 3 0
1 0 0
12 0 0
13 2 0
14 3 0
14 3 0
14 3 0
14 3 0
14 3 1
13 2 0
14 3 0
14 3 0
14 3 0
14 3 0
14 3 0
13 2 0
14 3 0
14 3 0
14 3 0
14 3 0
14 3 0
14 3 0
14 3 0
14 3 0
14 3 0
14 3 1
14 3 0
13 3 0
14 3 0
14 3 0
14 3 0
14 3 0
13 3 0
13 3 0
14 3 0
14 3 0
14 3 1
14 3 0
14 3 1
14 3 0
14 3 0
14 3 0
14 3 0
13 3 0
14 3 0
14 3 0
14 3 0
14 3 0
14 3 0
13 3 0
14 3 0
14 3 0
14 3 0
13 3 0
14 3 0
13 3 0
14 3 0
14 3 0
14 3 0
14 3 0
13 3 0
13 3 0
13 3 0
13 3 0
14 3 0
14 3 0
30 4 0
13 3 0
13 3 0
13 3 0
14 3 0
14 3 0
14 3 0
14 3 0
12 3 0
13 3 0
13 3 0
14 3 0
14 3 0
14 3 0
14 3 0
14 3 0
13 3 0
14 3 0
14 3 0
14 3 1
14 3 0
14 3 0
13 3 0
14 3 0
14 3 0
14 3 0
14 3 0
14 3 0
14 3 0
14 3 0
13 3 0
14 3 0
14 3 0
14 3 0
14 3 0
14 3 0
22 4 0
12 3 0
12 3 0
12 3 0
21 4 0
21 4 0
19 3 0
16 3 0
19 3 0
16 3 0
13 3 0
13 3 0
11 3 0
7 3 0
7 3 0
7 3 0
7 3 0
8 3 0
8 3 0
10 3 0
8 3 0
13 3 0
11 3 0
12 3 0
20 4 0
17 3 0
15 3 0
12 3 0
6 2 0
17 3 0
12 3 0
13 3 0
13 3 0
13 3 0
13 3 0
13 3 0
10 3 0
9 3 1
8 3 0
11 3 0
18 3 0
11 3 0
13 3 0
13 3 0
8 3 0
13 3 0
16 3 0
16 3 0
13 3 0
20 4 0
14 3 0
6 2 0
20 4 0
14 3 0
8 3 0
7 3 0
15 3 0
13 3 0
21 4 0
5 2 0
13 3 0
13 3 0
20 4 0
13 3 0
13 3 0
13 3 0
13 3 0
13 3 0
14 3 1
10 3 0
8 3 3
13 3 0
10 3 0
13 3 0
13 3 0
14 3 0
8 3 0
7 3 0
13 3 0
13 3 0
13 3 0
14 3 0
14 3 0
10 3 0
11 3 0
14 3 0
15 3 0
13 3 0
13 3 0
19 3 0
20 4 0
17 3 0
13 3 0
7 3 0
13 3 0
21 4 0
20 4 0
14 3 0
9 3 0
14 3 0
13 3 0
17 3 0
13 3 0
17 3 0
10 3 0
7 3 0
13 3 0
13 3 0
22 4 0
16 3 0
17 3 0
13 3 0
13 3 0
13 3 0
13 3 0
13 3 0
13 3 0
13 3 0
13 3 0
13 3 0
10 3 0
5 2 0
11 3 0
13 3 0
13 3 0
13 3 0
14 3 0
16 3 0
15 3 0
16 3 0
13 3 0
12 3 0
21 4 0
17 3 0
13 3 0
13 3 0
13 3 0
13 3 0
13 3 0
13 3 0
13 3 0
13 3 0
13 3 0
13 3 0
13 3 0
13 3 0
14 3 0
10 3 0
12 3 0
13 3 0
6 2 0
9 3 0
15 3 0
13 3 0
9 3 0
11 3 0
13 3 0
16 3 0
13 3 0
9 3 0
19 3 0
14 3 0
9 3 0
18 3 0
18 3 0
21 4 0
12 3 0
14 3 0
19 3 0
13 3 0
13 3 0
13 3 0
14 3 0
13 3 0
8 3 0
10 3 0
9 3 0
9 3 0
13 3 0
19 3 0
13 3 0
14 3 0
15 3 0
19 3 0
13 3 0
12 3 0
10 3 0
13 3 0
13 3 0
13 3 0
14 3 0
12 3 0
18 3 0
13 3 0
6 2 0
5 2 0
9 3 0
13 3 0
13 3 0
13 3 0
13 3 0
14 3 0
8 3 0
13 3 0
14 3 0
13 3 0
11 3 0
14 3 0
14 3 0
13 3 0
14 3 0
10 3 1
15 3 0
21 4 1
13 3 0
10 0 0
7 3 0
15 3 0
13 3 0
13 3 0
13 3 0
13 3 0
13 3 0
13 3 0
13 3 0
14 3 1
9 3 0
8 3 0
16 3 0
15 3 0
14 3 0
12 3 0
12 3 0
13 3 0
13 3 0
13 3 0
13 3 0
13 3 0
11 3 0
14 3 0
6 2 0
13 3 0
13 3 0
13 3 0
12 3 0
13 3 0
13 3 0
13 3 0
13 3 0
13 3 0
13 3 2
13 3 0
19 3 0
14 3 1
14 3 0
11 3 0
13 3 0
13 3 0
22 4 0
21 4 0
14 3 0
13 3 0
13 3 0
13 3 0
10 3 0
6 2 0
11 3 0
12 3 0
14 3 0
13 3 0
14 3 1
10 3 0
11 3 0
17 3 0
19 3 0
13 3 0
13 3 0
12 3 0
13 3 0
13 3 0
20 4 0
14 3 0
14 3 0
10 3 0
11 3 0
16 3 0
18 3 0
13 3 0
12 3 0
13 3 0
13 3 0
13 3 0
14 3 1
12 3 0
8 3 0
7 3 0
13 3 0
21 4 0
14 3 0
13 3 0
16 3 0
18 3 0
13 3 0
13 3 0
12 3 1
15 3 1
13 3 0
14 3 0
12 3 0
8 3 0
13 3 0
14 3 0
14 3 0
12 3 0
8 3 0
9 3 0
10 3 0
13 3 0
14 3 0
7 3 0
13 3 0
8 3 0
7 3 0
21 4 0
14 3 0
13 3 0
14 3 0
9 3 0
10 3 0
5 2 0
17 3 0
16 3 0
13 2 0
13 2 0
15 3 0
13 2 0
13 2 0
13 2 0
13 2 0
13 2 0
16 3 0
18 3 0
15 3 0
13 2 0
13 2 0
13 2 0
13 2 1
14 3 0
13 2 0
8 2 0
8 2 0
13 2 0
12 2 0
14 3 1
13 2 0
11 2 0
20 3 0
13 2 0
14 3 0
13 2 0
13 2 0
13 2 0
20 3 0
13 2 0
13 2 0
13 2 0
13 2 0
13 2 0
13 2 0
13 2 0
13 2 0
20 3 0
13 2 0
13 2 0
14 3 0
13 2 0
13 2 0
12 2 0
16 3 0
19 3 0
13 2 0
14 3 0
13 2 0
13 2 0
13 2 0
13 2 0
14 3 0
13 2 0
12 2 0
12 2 0
13 2 0
13 2 0
13 2 0
13 2 0
13 2 0
12 2 0
19 3 0
19 3 0
13 2 0
13 2 0
13 2 0
13 2 0
16 3 0
21 3 0
12 2 1
13 2 0
13 2 0
13 2 0
13 2 0
15 3 0
13 2 0
16 3 0
14 3 0
12 2 0
13 2 0
13 2 0
14 3 1
13 2 0
12 2 0
13 2 0
13 2 0
13 2 0
13 2 0
13 2 0
11 2 0
13 2 0
13 2 0
13 2 0
13 2 0
13 2 0
21 3 0
13 2 0
13 2 0
13 2 0
13 2 0
13 2 0
17 3 0
13 2 0
13 2 0
13 2 0
14 3 0
13 2 0
10 2 0
18 3 0
12 2 0
13 2 0
13 2 0
13 2 0
19 3 0
13 2 0
13 2 0
13 2 0
13 2 0
13 2 0
19 3 0
13 2 0
22 3 1
13 2 0
13 2 0
21 3 0
13 2 0
13 2 0
14 3 0
16 3 0
13 2 0
12 2 0
13 2 0
14 2 1
13 2 0
17 3 0
13 2 0
13 2 0
13 2 0
14 3 0
17 3 0
21 3 0
13 2 0
13 2 0
13 2 0
12 2 0
13 2 0
13 2 0
13 2 0
13 2 0
13 2 0
13 2 0
13 2 0
13 2 0
19 3 0
13 2 0
13 2 0
14 3 0
13 2 0
19 3 0
13 2 0
13 2 0
14 3 0
18 3 0
13 2 0
13 2 0
13 2 0
13 2 0
13 2 0
16 3 0
13 2 0
15 3 0
3 2 0
7 2 0
4 2 0
5 2 0
13 2 0
13 2 0
13 2 0
13 2 1
13 2 0
13 2 0
13 2 0
13 2 0
13 2 0
13 2 0
13 2 0
13 2 0
13 2 0
13 2 0
13 2 0
13 2 0
21 3 0
13 2 0
15 3 0
18 3 0
20 3 0
13 2 0
21 3 0
20 3 0
12 2 0
19 3 0
12 2 0
12 2 0
19 3 0
19 3 0
21 3 0
13 2 0
13 2 0
13 2 0
13 2 0
13 2 1
13 2 0
13 2 1
13 2 0
14 3 0
12 2 0
13 2 0
12 2 0
13 2 0
13 2 0
13 2 0
14 3 0
14 3 0
20 3 0
14 3 0
13 2 0
16 3 0
16 3 0
20 3 0
13 2 0
13 2 0
14 3 0
12 2 0
13 2 0
13 2 0
13 2 0
13 2 0
16 3 0
13 2 0
13 2 0
13 2 0
20 3 0
15 3 0
13 2 0
13 2 0
14 3 0
9 2 0
12 2 0
11 2 0
15 3 0
13 2 0
14 3 0
13 2 0
13 2 0
10 2 0
14 3 0
19 3 0
13 2 0
13 2 1
13 2 0
14 3 0
15 3 0
13 2 0
11 2 0
13 2 0
13 2 0
14 3 1
13 2 0
13 2 0
2 0 0
13 2 0
14 3 0
13 2 0
15 3 0
12 2 0
12 2 0
13 2 0
14 3 0
21 3 0
13 2 0
20 3 0
12 2 0
13 2 0
13 2 0
14 3 0
9 2 0
12 2 0
14 3 0
15 3 0
13 2 0
14 3 0
13 2 0
13 2 0
8 2 0
13 2 0
13 2 0
13 2 0
9 2 0
9 2 0
13 2 0
14 3 0
13 2 0
14 3 0
8 2 0
7 2 0
5 2 0
13 2 0
17 3 0
14 3 0
13 2 0
13 2 0
11 2 0
15 3 0
14 3 0
13 2 0
14 3 0
19 3 0
9 2 0
13 2 0
13 2 0
14 3 0
16 3 0
13 2 0
13 2 0
18 3 0
20 3 0
21 3 0
17 3 0
21 3 0
12 2 0
20 3 0
13 2 0
20 3 0
19 3 0
19 3 0
17 3 0
14 3 0
14 3 0
13 2 0
15 3 0
15 3 0
12 2 0
13 2 0
14 3 0
13 2 0
17 3 1
20 3 0
13 2 0
18 3 0
13 2 0
12 2 0
21 3 0
12 2 0
22 3 0
21 3 0
20 3 0
19 3 0
18 3 0
16 3 0
14 3 0
13 2 0
12 2 0
14 3 0
11 2 0
13 2 0
14 3 0
13 2 0
9 2 0
8 2 0
12 2 0
13 2 0
13 2 0
13 2 0
14 3 0
14 3 0
14 3 0
13 2 0
14 3 0
13 2 0
14 3 0
13 2 0
13 2 0
13 2 0
13 2 0
13 2 0
13 2 0
13 2 0
13 2 0
13 2 5
13 2 0
5 0 0
13 2 0
13 2 0
13 2 0
15 3 0
14 3 0
12 2 0
12 2 0
6 2 0
6 2 0
5 2 0
4 2 0
7 2 0
13 2 0
13 2 0
13 2 0
13 4 0
12 3 0
13 4 0
10 3 0
11 3 0
13 4 0
15 4 0
8 3 0
8 3 0
6 3 0
10 3 0
7 3 0
16 4 0
13 4 0
13 4 0
14 4 0
13 4 0
13 4 0
13 4 1
13 4 0
13 4 0
13 4 0
13 4 0
13 4 0
13 4 0
13 4 0
13 4 0
13 4 0
13 4 0
13 4 0
15 4 0
19 4 0
21 4 0
6 3 0
6 3 0
4 3 0
4 3 0
4 3 0
4 3 0
4 3 0
7 3 0
5 3 0
9 3 0
10 3 0
13 4 0
13 4 0
14 4 0
13 4 0
5 3 0
12 3 0
13 4 0
13 4 0
12 3 0
13 4 0
19 4 0
13 4 0
15 4 1
4 3 0
8 3 0
4 3 0
4 3 0
12 3 0
13 4 0
13 4 0
12 3 0
13 4 0
13 4 0
13 4 0
13 4 0
13 4 0
13 4 0
13 4 0
13 4 0
13 4 0
14 4 0
14 4 0
14 4 0
13 4 0
13 4 0
13 4 0
13 4 0
13 4 0
13 4 0
13 4 0
13 4 0
14 4 0
14 4 0
13 4 0
13 4 0
13 4 0
15 4 0
13 4 0
14 4 0
13 4 0
14 4 0
13 4 0
13 4 0
13 4 0
20 4 0
19 4 0
12 3 0
11 3 0
8 3 0
8 3 0
6 3 0
5 3 0
6 3 0
5 3 0
4 3 0
6 3 0
7 3 0
6 3 0
4 3 0
12 3 0
5 3 0
14 4 0
7 3 0
6 3 0
6 3 0
5 3 0
17 4 0
21 4 0
10 3 0
8 3 0
13 4 0
13 4 0
7 3 0
17 4 0
4 3 0
9 3 0
15 4 0
11 3 0
13 4 0
16 4 0
14 4 0
14 4 0
14 4 0
14 4 0
14 4 0
14 4 0
14 4 0
14 4 0
14 4 0
14 4 0
13 4 0
13 4 0
13 4 0
13 4 0
21 4 0
15 4 0
12 3 0
9 3 0
8 3 0
7 3 0
12 3 0
13 4 0
12 3 0
17 4 0
15 4 0
4 2 0
4 2 0
5 2 0
5 2 0
4 2 0
4 2 0
9 2 0
12 2 0
21 3 0
21 3 0
12 2 0
12 2 0
19 3 0
21 3 0
21 3 0
12 2 0
22 3 0
20 3 0
22 3 0
21 3 0
12 2 0
20 3 0
21 3 0
13 2 0
18 3 0
12 2 0
20 3 0
12 2 0
21 3 0
21 3 0
12 2 0
19 3 0
13 2 0
19 3 0
21 3 0
12 2 0
18 3 0
13 2 0
17 3 0
21 3 0
13 2 0
17 3 0
12 2 0
19 3 0
21 3 0
14 3 1
12 2 0
21 3 0
15 3 0
9 2 0
19 3 0
16 3 1
18 3 0
15 3 0
9 2 0
21 3 0
15 3 0
16 3 0
19 3 0
19 3 0
20 3 0
13 2 1
11 2 0
17 3 0
13 2 0
15 3 0
12 2 0
19 3 0
12 2 0
19 3 0
13 2 0
19 3 0
21 3 0
13 2 0
16 3 0
20 3 0
21 3 0
13 2 0
21 3 0
18 3 0
12 2 0
20 3 1
12 2 0
21 3 0
12 2 0
19 3 0
12 2 0
20 3 0
13 2 0
17 3 0
13 2 0
18 3 0
13 2 0
17 3 0
14 3 0
14 3 0
14 3 0
13 2 0
14 3 0
14 3 0
14 3 0
14 3 1
14 3 0
13 2 2
13 2 0
13 2 0
13 2 0
12 2 0
19 3 0
15 3 0
11 2 0
10 2 0
9 2 0
10 2 0
5 2 0
6 2 0
5 2 0
6 2 0
6 2 0
4 2 0
14 3 0
13 2 0
14 3 0
14 3 0
14 3 0
14 3 0
14 3 0
14 3 0
14 3 0
14 3 1
13 2 0
13 2 0
13 2 0
13 2 0
13 2 0
13 2 0
4 0 0
14 3 0
15 3 0
4 2 0
4 2 0
4 2 0
4 2 0
16 0 0
7 2 0
12 2 0
12 2 0
21 3 0
19 3 0
12 2 0
21 3 0
21 3 0
15 3 1
5 2 0
1 0 0
6 2 0
4 2 0
5 2 0
4 2 0
4 2 0
12 2 0
21 3 0
12 2 0
19 3 0
12 2 0
20 3 0
21 3 0
12 2 0
19 3 0
22 3 0
22 3 0
12 2 0
13 2 0
11 2 0
21 3 0
22 3 0
21 3 0
13 2 0
11 2 0
13 2 0
18 3 0
21 3 0
13 2 0
19 3 0
21 3 0
13 2 0
14 3 0
2 0 0
21 3 0
13 2 0
15 3 0
13 2 0
19 3 0
20 3 0
19 3 0
12 2 0
12 2 0
20 3 0
12 2 0
20 3 0
12 2 0
20 3 0
20 3 0
13 2 0
18 3 0
12 2 0
19 3 0
13 2 0
17 3 0
12 2 0
20 3 0
21 3 0
12 2 0
20 3 0
12 2 0
13 2 0
14 3 0
21 3 0
12 2 0
12 2 0
21 3 0
12 2 0
19 3 0
21 3 0
13 2 0
18 3 0
12 2 0
20 3 0
22 3 0
21 3 0
21 3 0
21 3 0
12 2 0
21 3 0
20 3 0
13 2 0
16 3 0
21 3 0
22 3 0
20 3 0
12 2 0
20 3 0
21 3 0
12 2 0
20 3 0
12 2 0
20 3 0
21 3 0
12 2 0
20 3 0
20 3 0
12 2 0
20 3 0
21 3 0
21 3 0
22 3 0
21 3 0
5 0 0
15 3 1
5 2 0
6 2 0
4 2 0
4 2 0
3 2 0
3 2 0
7 2 0
21 3 0
20 3 0
12 2 0
21 3 0
21 3 1
21 3 0
21 3 0
21 3 0
22 3 0
21 3 0
21 3 0
12 2 0
13 2 0
20 3 0
11 2 0
21 3 0
12 2 0
20 3 0
12 2 0
21 3 0
13 2 0
9 2 0
13 2 0
18 3 0
21 3 0
13 2 0
18 3 0
13 2 0
17 3 0
21 3 0
20 3 0
13 2 0
18 3 0
13 2 0
17 3 0
12 2 0
19 3 0
21 3 0
12 2 0
20 3 0
13 2 0
18 3 0
12 2 0
20 3 0
20 3 0
13 2 0
19 3 0
19 3 0
13 2 0
17 3 0
12 2 0
18 3 0
12 2 0
20 3 0
19 3 0
13 2 0
17 3 0
12 2 0
19 3 0
22 3 0
21 3 0
12 2 0
21 3 0
21 3 0
21 3 0
20 3 1
12 2 0
21 3 0
13 2 0
17 3 0
12 2 0
20 3 0
19 3 0
13 2 0
19 3 0
12 2 0
12 2 0
18 3 0
12 2 0
13 2 0
16 3 0
21 3 0
21 3 0
12 2 0
12 2 0
21 3 0
13 2 0
17 3 0
13 2 0
18 3 0
20 3 0
13 2 0
19 3 0
20 3 0
13 2 0
17 3 0
19 3 0
13 2 0
19 3 0
13 2 0
18 3 0
12 2 0
12 2 0
21 3 0
20 3 0
21 3 0
12 2 0
20 3 0
13 2 0
18 3 0
13 2 0
17 3 0
13 2 0
18 3 0
12 2 0
20 3 0
21 3 1
20 3 0
12 2 0
21 3 0
21 3 0
21 3 0
22 3 0
21 3 0
13 2 0
21 3 0
19 3 0
9 2 0
21 3 0
13 2 0
18 3 0
22 3 0
12 2 0
19 3 0
12 2 0
20 3 0
20 3 0
13 2 0
19 3 0
21 3 0
21 3 0
12 2 0
21 3 0
20 3 0
13 2 0
16 3 0
15 3 0
8 2 0
5 2 0
4 2 0
4 2 0
4 2 0
3 2 0
9 2 0
12 2 0
21 3 0
21 3 0
20 3 0
12 2 0
20 3 0
12 2 0
20 3 0
22 3 0
21 3 0
21 3 0
21 3 0
22 3 0
22 3 0
21 3 0
13 2 0
10 2 0
19 3 0
15 3 0
12 2 0
13 2 0
16 3 0
13 2 0
17 3 0
12 2 0
13 2 0
9 2 0
12 2 0
21 3 0
12 2 0
20 3 0
19 3 0
13 2 0
15 3 0
12 2 0
20 3 0
19 3 0
13 2 0
16 3 0
13 2 0
16 3 0
21 3 0
13 2 0
18 3 1
12 2 0
19 3 0
12 2 0
20 3 0
21 3 0
12 2 0
19 3 0
13 2 0
17 3 0
12 2 0
