6 0 74
6 0 55
1 0 55
1 0 55
1 0 55
1 0 55
1 0 55
1 0 41
1 0 41
1 0 71
1 0 71
1 0 71
14 0 72
14 0 60
14 0 60
14 0 130
14 0 92
13 0 42
14 0 66
14 0 78
14 0 62
18 0 58
5 0 80
3 0 80
3 0 80
3 0 69
2 0 69
3 0 65
2 0 65
4 0 65
3 0 55
3 0 55
2 0 55
10 0 62
3 0 62
3 0 64
2 0 68
2 0 68
2 0 64
3 0 64
2 0 64
2 0 77
2 0 77
2 0 69
2 0 61
2 0 40
2 0 68
2 0 68
2 0 68
2 0 53
2 0 53
3 0 53
2 0 28
2 0 73
3 0 73
3 0 73
2 0 74
2 0 74
2 0 74
2 0 57
2 0 57
2 0 57
2 0 83
2 0 83
2 0 83
2 0 67
2 0 67
4 0 68
2 0 68
13 0 68
14 0 69
16 0 69
14 1 69
14 0 72
14 0 77
14 0 61
14 0 65
17 0 68
14 0 76
17 0 76
14 0 73
14 0 73
14 0 75
11 0 75
14 0 60
14 0 60
13 0 34
2 0 55
124 1 134
44 0 92
1 0 53
17 0 54
14 0 62
14 0 68
14 0 98
25 0 96
66 0 109
13 0 46
16 0 77
14 0 75
14 0 75
14 0 61
14 0 61
14 0 76
14 0 72
14 0 64
14 0 38
14 0 66
14 0 63
14 0 62
14 0 58
14 0 61
14 0 68
14 0 61
14 0 57
14 0 65
14 0 65
14 0 67
14 0 67
14 0 58
14 0 58
14 0 60
14 0 60
14 0 125
14 0 125
14 0 57
14 0 71
10 0 85
13 0 62
14 0 62
14 0 61
14 0 61
14 0 49
14 0 51
14 0 68
14 0 68
14 0 85
14 0 78
14 0 66
14 0 63
14 0 64
14 0 74
14 0 74
14 0 65
14 0 65
14 0 61
14 0 61
14 0 70
14 0 74
14 0 123
14 0 123
14 0 66
14 0 66
14 0 74
14 0 74
14 0 70
14 0 70
14 0 77
14 0 56
14 0 68
14 0 73
14 0 71
14 1 71
14 1 71
14 1 71
14 0 57
1 0 57
14 0 57
14 0 63
14 0 59
14 0 59
14 1 73
14 0 73
1 0 76
14 1 76
14 0 59
14 0 61
14 0 69
14 0 69
14 0 62
14 0 83
14 0 56
14 0 68
14 0 69
14 0 70
14 0 57
14 0 57
14 0 66
14 0 70
14 0 56
14 1 56
14 0 81
14 0 80
14 0 79
14 0 77
14 0 63
14 0 71
14 0 75
14 0 58
14 0 58
14 0 60
14 0 61
14 1 65
14 0 65
14 0 65
14 0 62
14 0 62
14 0 64
14 0 82
14 0 52
14 0 64
14 0 63
14 0 61
14 0 62
14 0 68
14 0 71
14 0 55
14 0 61
14 0 63
14 0 63
14 0 62
18 0 62
26 1 72
24 0 63
31 1 61
31 0 63
23 0 63
29 0 67
29 0 80
30 0 99
30 0 73
46 0 104
37 0 103
44 0 64
39 0 90
43 0 84
43 0 78
46 0 90
37 0 98
38 1 63
50 0 92
1 0 94
5 0 94
83 0 82
88 0 112
80 0 121
67 1 132
14 0 109
1 0 81
12 0 81
14 0 79
88 1 101
112 0 88
14 0 86
20 0 88
18 1 87
20 0 76
17 0 88
19 0 72
19 0 65
19 0 68
17 0 72
17 0 59
17 0 76
18 0 75
14 0 72
13 0 118
14 1 133
14 0 89
32 0 78
32 0 163
48 0 95
63 1 126
173 0 182
14 0 141
22 0 91
21 1 53
14 0 76
1 0 76
23 0 146
19 0 128
17 0 68
20 0 70
19 2 71
14 0 79
1 0 110
3 0 110
17 0 110
61 1 82
19 0 108
22 0 128
158 1 219
18 0 138
1 0 162
5 0 162
19 0 76
18 0 61
20 0 81
16 0 78
14 0 78
14 0 66
191 2 169
14 0 161
1 0 161
20 0 97
1 0 77
7 0 266
185 1 279
18 0 254
22 0 172
20 1 139
1 0 139
19 0 79
21 0 218
173 0 181
14 0 122
24 0 75
21 0 59
22 0 81
23 0 68
20 0 126
22 0 73
18 0 67
23 0 61
21 0 60
19 0 69
17 0 65
17 0 64
21 0 63
5 0 84
12 0 84
48 0 62
50 1 60
14 0 65
22 0 84
188 0 188
21 0 189
19 0 64
19 0 67
13 0 67
14 0 73
80 1 81
14 0 59
1 0 59
12 0 59
14 0 59
14 1 64
14 0 71
84 1 89
16 0 75
14 0 74
14 0 66
27 0 63
18 0 59
14 0 61
14 0 59
14 0 64
14 0 64
14 0 88
14 0 112
14 0 42
14 0 55
14 0 73
14 0 73
14 0 60
14 0 59
14 0 59
14 0 60
14 0 63
14 0 69
14 0 78
14 0 76
14 0 59
14 0 58
14 0 55
14 0 57
14 0 59
14 0 61
14 0 64
14 0 64
14 0 65
14 0 66
14 0 67
14 0 67
14 0 67
14 0 65
14 0 63
14 0 63
14 1 58
14 0 44
14 0 56
14 0 56
14 0 59
14 0 59
14 0 69
14 0 66
14 0 42
14 0 60
14 0 60
14 1 56
14 1 53
14 0 53
14 0 70
14 0 70
14 0 70
14 0 56
14 0 55
14 0 60
14 0 64
14 0 64
14 0 64
14 0 61
14 0 61
14 0 59
14 0 58
14 0 58
14 0 66
14 0 66
14 0 66
14 0 62
14 0 62
14 0 63
14 0 66
14 0 66
14 0 68
14 0 68
14 0 68
14 0 63
14 0 63
14 0 68
14 0 62
14 0 60
14 0 60
14 0 79
14 0 115
14 0 115
14 0 76
14 0 76
14 0 54
14 0 57
14 0 62
14 0 61
14 0 61
14 0 61
14 0 73
14 0 72
14 0 71
14 0 70
14 1 61
14 0 62
14 0 68
14 0 68
14 0 69
14 0 69
14 0 69
14 0 64
14 0 64
14 0 64
14 0 62
14 0 62
14 0 63
14 0 67
14 0 67
14 0 67
14 0 68
14 1 58
14 0 43
14 0 74
14 0 74
14 0 74
14 1 97
14 0 97
14 0 54
14 0 54
14 0 55
14 0 65
14 0 65
14 0 60
14 0 60
14 0 60
14 0 60
14 0 60
14 0 60
14 0 63
14 0 63
14 0 63
14 0 64
14 0 64
14 0 60
14 0 60
14 0 60
14 0 62
14 0 62
14 0 64
14 1 67
14 0 67
14 0 59
14 0 59
14 0 59
14 0 65
14 0 65
14 0 63
14 0 61
14 0 61
14 0 60
14 1 59
14 0 46
14 0 53
14 0 65
14 1 65
14 0 58
14 0 58
14 0 83
14 0 47
14 0 69
14 0 69
14 1 69
14 0 63
14 0 61
14 0 61
14 1 61
14 0 61
14 0 59
14 0 57
14 0 59
14 0 60
14 0 65
14 0 84
14 0 84
14 0 75
14 0 64
14 0 64
14 0 66
14 0 66
14 0 65
14 0 64
14 0 64
14 0 64
14 0 64
14 0 64
14 0 64
14 1 64
14 0 58
14 0 56
14 0 57
14 0 48
14 0 67
14 0 67
14 0 144
14 0 144
14 0 86
14 0 78
14 0 78
14 0 78
14 0 65
14 1 65
14 0 64
14 0 61
14 0 61
14 0 68
14 0 74
14 0 68
14 0 56
14 0 56
14 0 55
14 0 55
14 0 60
14 0 61
14 0 61
14 0 88
14 0 88
14 0 61
14 0 43
14 0 77
14 0 77
14 0 77
14 0 65
14 0 65
14 0 61
14 0 58
14 0 58
14 0 63
14 1 59
14 1 59
14 0 59
14 0 59
14 0 69
14 0 73
14 0 62
14 0 57
14 0 59
14 0 63
14 0 63
14 0 63
14 0 65
14 0 65
14 0 56
14 0 56
14 0 56
14 0 58
14 0 58
14 0 55
14 0 55
14 0 55
14 0 60
14 0 60
14 0 60
14 0 61
14 0 61
14 0 58
14 0 58
14 1 58
14 0 63
14 0 63
14 0 58
14 0 58
14 0 58
14 0 58
14 0 55
14 0 64
14 0 64
14 0 64
14 0 61
14 0 61
14 0 106
14 0 69
14 0 69
14 1 55
14 0 55
14 0 48
14 0 48
14 0 52
14 0 67
14 0 67
14 0 64
14 0 62
14 0 61
14 0 55
14 0 55
14 1 59
14 1 59
14 0 59
14 0 60
14 0 60
14 0 63
14 0 63
14 0 68
14 0 68
14 0 68
14 0 74
14 0 74
14 0 69
14 0 53
14 0 61
14 0 48
14 0 60
14 0 60
14 0 61
14 0 63
14 0 77
14 0 129
14 0 129
14 1 58
14 0 58
14 0 59
14 0 59
14 0 55
14 0 55
14 0 55
14 0 60
14 0 60
14 0 60
14 0 61
14 0 61
14 0 57
14 0 57
14 0 58
14 0 61
14 0 61
14 0 62
14 0 62
14 0 59
14 0 56
14 0 56
14 0 55
14 0 55
14 0 56
14 0 57
14 0 58
14 0 61
14 0 62
15 1 55
14 0 73
14 0 72
14 0 72
14 0 67
14 0 67
14 0 109
14 0 72
14 0 66
14 0 60
14 0 45
14 0 82
14 0 78
14 0 56
14 0 59
14 0 66
14 0 65
14 0 65
14 0 65
14 0 65
14 0 63
14 0 63
14 0 69
14 0 70
14 0 70
14 1 70
14 0 72
14 0 66
14 0 60
14 1 60
9 0 51
14 0 59
14 0 58
14 0 57
14 0 57
14 0 65
14 0 58
14 0 68
14 0 69
14 0 69
14 0 61
14 0 61
14 0 55
14 0 52
14 0 52
14 0 59
14 0 59
14 0 57
14 0 54
14 0 54
14 0 51
14 0 51
14 0 53
14 0 60
14 0 60
14 0 60
14 0 62
14 1 62
14 0 62
14 0 62
14 0 62
14 0 63
14 1 64
14 0 64
14 0 63
14 0 61
14 0 49
14 0 49
14 0 56
14 0 56
14 0 56
14 0 56
14 0 56
14 0 56
14 0 117
14 0 117
14 0 48
14 0 48
14 0 83
14 0 80
14 1 63
14 0 59
14 0 58
14 0 59
14 0 60
14 0 62
14 0 62
14 0 62
14 0 66
14 0 66
14 0 65
14 0 65
14 0 65
14 0 60
14 0 59
14 1 59
14 0 74
14 0 76
14 0 76
14 0 61
14 0 55
14 0 64
14 0 47
14 0 47
14 0 47
14 0 61
14 0 66
14 0 76
14 0 76
14 0 72
14 0 63
14 0 63
14 0 59
14 0 59
14 0 56
14 0 55
14 0 55
14 0 56
14 0 56
14 0 56
14 0 61
14 0 61
14 1 61
14 0 78
14 0 78
14 0 78
14 0 62
14 0 61
14 0 61
14 0 67
14 0 67
14 0 67
14 0 63
14 0 62
14 0 55
14 0 51
14 0 51
14 0 51
14 1 51
14 0 59
14 0 59
14 0 71
14 0 73
14 0 73
6 0 73
103 1 76
96 1 84
95 0 80
19 0 64
23 0 64
14 0 65
24 0 56
19 0 56
22 0 47
17 0 47
20 0 58
30 0 59
32 1 48
36 0 69
32 0 72
18 0 34
14 0 45
15 0 56
24 1 56
74 0 79
74 1 120
44 1 100
1 0 100
43 0 91
85 1 72
93 0 81
79 0 69
19 0 59
18 0 58
12 0 54
21 0 46
14 0 61
14 0 65
21 0 76
15 0 76
20 0 52
29 0 62
30 0 95
14 0 66
14 0 103
26 1 94
66 0 64
28 0 49
18 0 73
19 0 104
111 1 83
20 0 34
14 0 41
14 1 70
14 0 69
54 0 69
14 0 65
40 0 65
14 0 76
36 0 76
31 1 61
29 0 48
29 0 50
35 0 62
31 0 62
29 0 61
29 0 61
28 0 112
28 0 112
29 1 79
27 0 63
27 0 63
31 0 61
29 0 61
27 0 63
28 0 62
26 0 59
27 0 69
27 0 63
28 0 63
29 0 69
28 0 62
29 0 62
28 0 74
28 0 74
29 0 72
27 0 72
27 0 78
27 1 78
27 0 64
27 0 66
28 0 64
33 0 64
30 0 64
29 1 65
28 0 54
28 0 54
27 0 113
28 0 113
27 0 62
26 0 62
27 0 67
30 0 67
30 0 60
28 0 56
25 0 56
22 1 68
26 0 68
27 0 65
27 0 63
28 0 63
28 0 57
27 0 57
26 0 65
27 0 65
25 1 59
26 1 57
20 0 57
20 0 64
25 0 64
26 0 50
29 0 54
32 0 58
28 0 58
29 0 58
27 0 62
27 0 72
26 0 100
28 0 38
26 1 74
29 0 74
31 0 64
30 0 63
28 0 64
28 0 64
27 0 66
27 0 66
26 0 63
28 0 63
26 0 64
28 0 65
26 0 60
28 0 60
27 0 66
28 0 66
27 0 62
28 1 63
27 1 65
27 0 62
27 0 56
27 0 51
29 0 49
34 0 79
30 2 57
29 0 69
28 0 107
32 0 98
31 1 43
30 0 53
31 0 55
28 0 61
29 0 63
28 0 63
28 0 73
27 0 67
25 0 64
26 0 61
26 1 61
27 0 61
25 0 63
26 0 66
28 0 70
28 0 70
27 0 66
27 0 66
26 0 66
27 0 66
26 0 63
27 0 59
26 0 56
28 0 51
30 0 68
33 0 63
29 0 60
28 0 63
27 0 55
29 1 86
30 0 32
30 0 63
30 0 60
33 0 61
30 0 76
30 0 65
27 1 65
28 0 63
28 0 63
29 0 68
29 1 67
28 0 66
28 1 64
29 0 64
28 0 63
159 2 80
14 0 61
20 0 60
28 1 59
35 0 62
41 0 62
41 0 70
29 0 147
28 0 147
34 0 69
33 0 65
45 0 65
43 0 62
40 0 57
31 0 71
36 1 72
25 1 87
41 0 87
57 0 70
45 0 71
22 0 73
26 0 72
27 0 72
32 0 82
51 0 63
61 1 63
30 0 61
36 1 65
35 1 59
44 1 74
38 0 77
24 0 69
26 0 67
33 0 96
42 1 61
49 0 83
32 0 68
31 0 60
29 0 63
25 0 70
40 2 70
16 0 69
1 0 67
15 0 67
31 0 69
37 0 68
53 0 64
33 1 66
11 0 63
1 0 63
19 0 66
33 0 69
31 0 64
27 0 64
24 0 88
23 0 75
23 1 57
29 0 122
39 0 54
59 0 79
38 0 84
39 1 74
32 0 80
24 0 70
35 0 58
39 0 58
47 1 59
28 0 64
28 1 78
30 1 75
33 0 64
49 0 59
38 0 67
36 0 63
29 0 60
27 0 76
30 1 63
40 1 86
49 0 59
32 0 59
28 0 62
41 0 62
44 0 57
56 0 69
36 0 67
25 0 61
27 0 66
30 0 59
37 0 59
53 2 51
38 0 60
38 0 78
35 0 84
26 0 84
25 0 72
30 0 103
29 0 71
45 1 84
52 0 72
49 0 80
42 0 61
28 1 58
25 0 56
33 0 75
32 0 72
37 0 58
37 0 54
30 0 54
37 0 64
34 0 64
40 0 66
24 1 66
30 0 60
27 0 57
42 0 42
48 0 85
39 0 64
30 0 61
34 0 59
33 0 52
31 0 67
35 0 67
35 0 63
29 1 63
29 0 63
31 0 62
39 0 60
52 0 55
1 0 71
42 1 71
39 0 67
59 1 63
29 0 60
28 0 102
23 0 117
26 0 65
39 0 64
54 0 61
62 0 72
14 0 65
14 0 64
14 0 64
14 1 64
14 0 65
30 0 59
28 0 51
18 0 51
40 0 64
55 0 63
38 0 61
14 0 59
17 0 59
19 0 59
40 0 65
31 0 146
29 0 41
29 0 59
30 0 78
40 0 70
34 1 59
34 0 54
35 0 60
45 0 67
38 0 80
32 1 67
39 0 63
38 1 64
36 0 63
37 0 70
48 1 70
38 1 63
34 0 72
31 0 85
30 1 79
150 1 202
172 0 252
14 0 148
1 0 148
24 1 220
1 0 187
61 0 186
1 0 179
64 1 175
14 0 133
11 0 85
1 0 85
11 0 177
2 0 187
1 0 68
1 0 68
2 0 58
17 0 58
14 0 56
14 0 56
25 0 66
37 0 68
14 0 74
32 0 74
31 0 61
14 0 61
14 0 66
52 1 71
35 0 73
47 0 58
13 0 58
17 0 123
133 0 105
19 0 64
17 0 70
13 0 84
17 0 84
188 1 177
16 0 79
1 0 79
14 0 72
39 0 61
17 0 59
14 0 68
14 0 68
14 0 83
71 0 76
14 0 61
14 0 61
24 0 64
17 0 61
14 0 61
14 0 61
14 0 65
14 0 65
14 0 60
14 0 56
14 0 58
14 0 64
14 0 64
14 0 64
14 0 69
14 0 69
14 0 69
14 0 62
14 0 62
14 0 62
14 1 60
14 0 60
14 0 60
14 0 58
14 0 58
14 0 117
14 0 49
14 0 61
14 1 67
14 0 65
14 0 63
14 0 63
14 0 62
14 1 62
14 1 62
14 0 61
14 0 61
14 0 61
14 0 50
14 0 66
14 0 66
14 0 66
14 0 66
14 0 66
14 1 61
14 0 61
14 0 61
14 0 62
14 0 62
14 0 62
14 0 56
14 0 56
14 0 67
14 0 69
14 0 69
14 0 68
14 0 68
14 0 68
14 0 64
14 0 64
14 0 94
14 0 136
14 0 77
14 0 82
14 0 60
14 0 60
14 0 62
14 0 62
14 0 66
14 0 66
14 0 65
14 0 42
14 0 96
14 0 78
14 0 65
14 0 61
14 0 61
14 0 61
14 0 57
14 0 57
14 0 58
14 0 62
14 0 62
14 0 67
14 0 67
14 0 67
14 0 58
14 0 58
14 0 58
14 0 60
14 0 60
14 0 118
14 0 118
14 0 62
14 0 62
14 0 61
14 0 61
14 0 65
14 0 65
14 0 62
14 0 62
14 0 62
14 0 56
14 0 56
14 0 67
14 0 67
14 1 60
14 0 59
14 1 60
14 0 61
14 0 66
14 0 64
14 0 67
14 0 78
14 0 72
14 0 71
14 0 72
14 0 72
14 0 71
14 0 71
15 1 75
14 0 75
14 0 61
14 0 61
14 0 69
14 0 100
14 0 38
14 0 72
14 0 54
14 0 60
14 0 60
14 0 64
14 0 65
14 0 59
14 0 59
14 0 46
14 0 56
14 0 57
14 0 60
14 0 57
14 0 56
14 0 57
14 0 60
11 0 60
7 0 60
14 0 60
14 0 60
14 0 60
14 1 59
14 0 59
14 0 59
14 0 65
14 0 65
14 0 57
14 0 54
14 0 54
14 0 98
14 1 98
14 0 41
14 0 63
14 0 62
14 0 62
14 0 56
14 0 50
14 0 55
14 0 64
14 0 57
14 0 62
14 0 54
14 0 61
14 0 61
14 0 61
14 0 61
14 0 62
14 0 67
14 0 67
14 0 57
14 0 57
14 0 49
14 0 49
14 0 50
14 0 57
14 0 57
14 0 67
14 0 67
14 0 75
14 0 75
14 0 75
14 0 54
14 0 54
14 0 59
14 0 59
14 0 72
14 0 76
14 0 73
14 0 73
14 0 63
14 0 66
14 0 76
15 1 63
14 0 59
14 0 62
14 0 62
14 0 74
14 0 76
14 0 62
14 0 59
14 0 60
14 0 61
14 0 60
14 0 59
14 0 59
14 0 65
14 0 65
14 0 64
14 0 64
14 0 64
14 0 61
14 0 61
14 0 68
14 0 68
14 0 76
14 0 45
14 0 49
14 0 56
14 0 56
14 0 60
14 0 63
14 0 76
14 0 76
14 0 76
14 0 70
14 0 75
14 0 58
14 0 58
14 0 62
14 0 63
14 0 56
14 0 55
14 0 67
14 0 67
14 0 70
14 1 70
14 0 65
14 0 65
14 0 71
14 1 73
14 1 72
14 0 70
14 0 70
14 0 54
14 0 54
14 0 111
14 0 103
14 1 59
14 0 59
14 0 67
14 1 67
14 0 91
14 0 91
14 1 78
14 0 74
14 0 67
14 1 67
14 0 63
14 0 73
14 0 69
14 0 69
14 0 68
14 0 68
14 0 74
14 0 74
14 0 55
14 0 55
14 1 61
14 1 61
14 0 61
14 0 61
14 0 60
14 0 60
14 0 61
14 0 68
14 0 65
14 0 58
14 0 58
14 0 58
14 1 58
15 1 108
14 0 72
14 0 58
14 0 66
14 1 73
14 0 58
14 0 68
14 0 75
14 0 65
14 0 61
14 0 60
14 0 57
14 0 57
14 0 57
14 0 58
14 0 63
14 0 62
14 0 61
14 0 61
14 0 62
14 0 62
14 0 60
14 0 59
14 0 57
14 0 55
14 0 70
14 0 73
14 0 73
14 0 72
14 0 72
14 0 72
14 0 76
14 0 44
14 0 57
14 0 68
14 0 68
14 0 60
14 0 60
14 0 79
14 0 83
14 0 83
14 0 63
14 0 71
14 0 67
14 0 63
14 0 61
14 1 66
14 0 71
14 0 71
14 0 61
14 0 61
14 0 60
14 1 60
14 0 58
14 0 56
14 0 58
14 0 60
14 0 59
14 0 55
14 0 55
14 0 48
14 0 48
14 0 51
14 0 62
14 0 62
14 0 133
14 0 133
14 0 133
9 0 87
4 0 64
14 0 64
14 0 64
14 0 78
14 0 78
14 0 78
14 0 79
14 0 79
14 0 61
14 0 61
14 0 68
14 1 68
14 0 56
14 0 58
14 0 73
14 0 73
14 0 53
14 0 53
14 0 67
14 0 67
14 0 61
14 1 60
14 1 61
14 1 63
14 0 63
14 1 58
14 0 58
14 1 58
14 0 62
14 0 62
14 0 90
14 0 142
14 0 142
14 0 88
14 0 55
14 0 58
14 0 58
14 0 61
14 0 61
14 0 61
14 0 61
14 0 65
14 1 64
14 0 67
14 0 77
14 0 77
14 1 60
14 0 63
14 0 68
14 0 65
14 0 64
14 0 62
14 1 62
14 0 61
14 0 61
14 0 59
14 0 58
14 0 57
14 0 56
14 0 56
14 0 63
14 1 63
14 0 79
14 0 108
14 0 108
14 0 60
14 0 60
14 0 60
14 0 63
14 0 63
14 0 63
14 0 65
14 0 65
14 0 64
14 1 64
14 0 62
14 0 61
14 0 74
14 0 77
14 0 77
14 0 56
14 0 56
14 0 63
14 0 63
14 0 62
14 0 62
14 0 52
14 0 62
14 0 61
14 0 87
14 0 87
14 1 87
14 0 94
14 0 96
14 0 46
14 0 55
14 0 69
14 0 69
14 0 60
14 0 60
14 0 58
14 0 58
14 0 61
14 0 77
15 1 81
14 0 64
14 0 64
14 0 64
14 1 71
14 0 69
14 0 67
14 0 64
14 0 64
14 0 64
14 1 55
14 0 55
14 0 61
14 0 61
14 0 57
14 0 57
14 0 76
14 0 103
14 0 65
14 0 65
14 0 61
14 0 61
14 0 61
14 0 66
14 0 66
14 0 63
14 0 60
14 0 62
14 0 58
14 0 64
14 0 64
14 0 75
14 0 75
14 0 72
14 0 69
14 0 63
14 0 65
14 0 67
14 0 66
14 0 66
14 0 72
14 0 75
14 0 75
14 1 63
14 1 63
14 0 63
14 0 63
14 0 65
14 0 67
14 0 67
14 0 119
14 0 123
14 0 53
14 0 73
14 0 73
14 0 61
14 0 60
14 0 60
14 0 60
14 0 56
14 0 55
14 0 60
14 0 63
14 0 62
185 0 112
125 0 90
84 0 51
69 0 60
12 0 60
13 0 50
14 0 54
14 0 56
14 0 56
20 0 58
20 0 50
19 0 51
13 0 55
30 1 63
23 0 51
14 0 66
25 0 71
14 0 70
35 1 75
39 0 97
31 0 64
14 0 60
120 0 60
19 0 71
17 0 63
4 0 58
17 0 64
142 0 77
21 0 63
16 0 63
16 0 56
14 0 47
24 0 64
147 1 96
16 0 59
13 0 59
14 0 59
14 0 57
92 1 87
173 1 81
14 0 61
23 0 48
19 0 52
17 0 56
17 0 42
19 0 60
17 0 62
18 0 60
9 0 53
13 0 57
6 0 56
1 0 56
154 1 89
24 0 37
1 0 37
17 0 56
48 0 73
39 1 71
30 1 76
39 0 61
33 0 61
37 0 62
39 0 62
37 0 60
37 0 77
37 1 83
37 0 70
38 1 80
43 0 162
36 0 86
38 0 98
43 0 71
50 1 71
50 0 63
47 0 77
34 0 84
42 0 80
30 0 63
38 0 61
35 0 67
31 0 70
33 0 92
29 1 116
28 0 91
36 0 79
30 0 64
44 0 75
40 0 72
43 0 72
36 0 63
36 0 65
28 0 66
28 0 61
28 0 53
25 1 49
30 0 79
38 0 66
27 0 66
41 0 65
32 0 60
23 0 63
33 0 44
32 0 63
39 0 66
38 1 69
36 0 84
24 1 67
37 1 64
43 0 69
45 0 64
28 0 61
31 0 74
29 0 75
29 0 69
29 0 62
49 2 58
43 0 71
47 1 91
38 0 90
38 0 67
28 0 48
31 0 51
40 0 55
42 0 102
49 1 69
30 0 63
30 0 65
27 0 55
36 0 68
43 0 74
52 1 63
30 0 73
34 1 74
27 0 69
43 0 60
36 0 75
38 1 81
34 0 66
27 1 63
42 2 99
47 0 112
41 0 82
39 0 60
26 1 69
33 0 70
33 0 59
34 0 70
46 0 87
32 0 93
25 0 71
19 0 64
24 0 61
26 0 62
32 0 65
27 1 67
37 0 71
43 0 84
25 0 121
31 1 66
32 0 55
42 0 61
41 0 59
41 0 55
29 0 70
37 0 57
34 0 82
38 0 65
36 1 67
34 1 71
33 0 68
34 0 76
29 0 83
42 0 85
34 0 73
25 1 80
37 0 82
35 0 63
50 1 73
27 0 87
30 0 53
39 0 64
38 1 86
17 0 83
1 0 83
20 0 83
38 0 61
33 0 67
47 0 62
40 0 56
39 0 72
38 0 78
27 0 70
34 0 60
30 0 68
29 0 62
32 0 67
31 0 85
38 0 65
39 0 62
30 0 62
25 0 62
27 0 88
36 0 60
48 0 81
50 0 71
29 0 62
39 1 75
21 0 76
1 0 76
15 0 76
30 0 63
33 0 74
39 0 64
29 0 63
31 0 68
39 1 67
28 0 68
34 1 83
26 0 66
33 0 63
50 0 62
41 0 68
29 0 102
30 0 65
33 0 65
43 0 66
49 0 63
45 1 62
55 0 67
48 0 55
39 1 72
43 0 66
32 0 67
31 1 65
26 0 57
1 0 64
27 0 64
24 0 80
42 0 73
32 1 61
26 0 60
37 1 60
25 0 85
34 0 101
49 1 57
39 1 64
32 0 56
28 0 72
33 1 77
37 0 61
46 0 58
28 0 53
25 0 61
37 0 68
40 0 65
51 0 67
38 0 61
40 0 60
37 0 83
35 0 55
35 0 59
41 1 68
32 0 32
38 0 68
32 0 64
30 0 59
25 0 71
41 0 63
38 0 68
32 1 92
34 0 71
29 1 60
33 1 64
37 0 72
33 0 63
29 0 60
29 0 78
37 0 64
32 0 60
29 0 69
39 0 60
28 0 96
32 0 67
31 0 83
31 0 64
37 0 46
42 0 76
41 0 71
37 1 61
29 0 67
28 0 65
34 0 62
30 0 70
40 0 69
36 1 62
31 1 66
17 0 78
1 0 86
23 0 86
39 0 83
38 0 81
35 1 64
34 2 70
39 1 41
33 0 75
31 1 54
42 0 73
40 0 74
45 0 67
30 1 64
29 0 66
21 0 63
36 0 79
37 0 82
28 0 84
30 0 79
33 0 81
33 0 83
33 1 68
33 0 71
46 0 111
29 0 65
36 0 70
36 0 60
29 0 68
43 0 64
35 0 59
32 0 58
25 0 78
27 0 70
36 0 74
35 0 112
58 0 88
31 0 73
35 0 63
41 0 58
31 1 60
34 1 80
19 0 139
1 0 139
16 0 139
35 0 60
32 1 73
35 0 63
43 1 69
38 0 60
31 1 59
29 0 61
33 0 51
29 0 72
29 1 85
36 0 69
1 0 97
35 0 94
54 0 84
35 0 62
34 0 75
29 0 74
38 0 70
38 0 115
37 0 53
30 1 60
33 0 69
45 1 71
32 0 74
34 0 74
35 1 65
13 0 57
1 0 57
17 0 57
29 0 60
32 0 75
41 0 77
36 1 74
29 0 69
34 0 70
34 1 70
31 0 73
34 0 71
36 0 69
33 0 67
33 0 72
29 0 94
34 1 61
19 0 79
1 0 79
19 0 79
27 0 76
46 0 85
39 0 83
42 0 67
40 0 59
30 0 63
33 0 82
32 0 105
36 0 94
43 0 91
36 0 87
31 0 80
31 0 117
33 2 97
43 0 54
31 0 64
39 0 60
34 0 60
26 0 61
37 0 73
30 1 66
28 0 71
32 0 83
31 0 81
37 0 72
33 0 66
32 0 89
35 0 80
45 0 74
33 0 69
40 0 67
37 0 94
42 0 111
34 0 58
34 0 59
36 0 77
34 0 66
40 1 65
36 0 62
29 1 59
32 0 66
33 0 74
36 0 78
36 1 66
28 0 64
33 0 66
34 0 74
35 0 70
37 0 66
31 0 66
29 0 101
28 0 59
37 0 71
47 1 73
40 0 75
51 1 73
26 0 68
28 0 65
30 1 66
29 0 67
34 0 64
37 0 58
49 1 69
38 0 57
25 0 60
28 1 67
36 0 73
42 1 64
49 1 60
36 0 105
27 1 93
43 0 84
48 0 76
34 0 67
37 1 73
32 0 73
31 0 73
37 0 73
31 1 62
17 0 58
1 0 58
11 1 58
39 0 115
34 0 78
33 1 78
36 0 70
30 0 67
36 2 64
50 0 100
28 0 58
34 0 72
42 0 83
29 0 81
30 0 70
31 0 61
41 0 53
33 0 59
36 0 62
30 0 59
31 0 63
29 0 70
37 0 71
50 0 65
31 0 64
26 0 71
30 1 80
37 0 80
54 0 160
41 0 71
40 0 84
36 0 90
32 1 62
31 0 59
26 0 59
25 0 74
37 0 63
32 0 64
36 0 73
32 0 85
36 0 74
32 1 74
37 0 59
35 0 57
40 0 59
31 0 60
34 0 47
35 0 55
33 0 101
34 0 70
35 1 78
26 0 74
32 0 69
33 0 74
31 0 93
35 0 93
37 2 75
37 0 97
40 0 87
40 0 98
43 0 78
36 0 51
35 0 210
126 0 149
22 0 103
24 0 46
19 0 55
21 0 63
21 0 76
20 0 82
24 0 63
23 0 69
30 0 63
37 0 87
33 0 59
38 0 55
39 0 75
32 0 73
23 0 75
21 0 82
22 0 93
29 0 72
26 0 85
36 0 77
30 0 71
40 0 71
46 0 63
28 0 61
24 0 61
27 0 58
43 2 117
42 1 79
34 1 109
1 0 110
18 0 110
19 0 69
1 0 69
15 0 77
42 0 66
29 0 100
29 0 50
40 0 102
40 0 71
45 0 65
31 0 69
28 0 66
30 0 58
30 1 107
37 0 122
42 1 86
30 0 95
1 0 52
31 0 65
32 1 80
44 0 96
38 0 65
33 0 55
29 0 67
30 0 67
43 0 111
34 0 74
33 1 73
33 0 65
32 0 87
35 0 66
32 0 124
37 0 97
43 0 72
32 0 58
31 0 88
35 1 76
31 0 59
34 1 93
21 0 58
1 0 58
20 0 58
34 0 87
35 0 61
30 0 47
40 0 63
40 0 72
40 1 90
42 0 70
30 0 72
37 0 33
36 1 56
29 0 68
37 0 68
28 1 68
28 0 76
38 0 76
33 0 79
32 0 61
32 0 67
32 0 86
37 0 96
35 1 60
32 0 79
35 0 96
38 0 70
36 0 100
43 0 96
32 0 61
32 0 73
29 0 76
40 1 61
33 1 64
36 0 90
36 0 82
37 1 58
33 1 78
36 0 76
37 0 57
37 0 74
35 0 61
36 0 53
34 1 69
39 0 87
40 0 74
34 0 72
24 0 59
31 0 59
28 0 67
34 0 67
32 1 64
32 0 66
31 0 69
39 1 71
30 0 69
38 0 65
41 0 66
31 1 69
32 0 62
32 0 58
38 0 120
69 0 236
54 0 121
54 0 99
77 0 89
66 0 133
51 0 137
55 0 146
48 0 94
46 0 58
50 0 117
36 0 74
32 0 74
40 0 85
47 0 78
29 1 61
30 0 67
29 0 70
30 0 71
33 0 78
34 0 71
45 0 54
50 1 66
45 0 66
47 0 74
43 1 112
42 0 78
43 0 84
39 1 107
20 0 59
1 0 59
23 0 59
41 0 83
50 1 104
46 0 76
46 0 75
52 0 70
71 0 68
40 1 70
46 0 59
40 0 70
31 1 79
35 1 60
27 0 58
32 0 54
35 0 69
30 0 61
31 1 85
37 0 75
22 0 61
20 0 61
24 0 80
24 0 56
23 0 73
32 0 93
43 0 84
35 0 57
31 1 71
32 0 73
33 0 51
36 0 56
44 0 72
42 1 70
33 0 108
29 0 55
36 1 70
45 0 67
43 1 73
40 0 52
37 0 73
38 0 73
34 0 77
29 0 64
32 0 62
32 0 65
39 1 71
26 0 69
25 1 79
26 0 118
24 0 69
23 0 88
31 0 84
27 1 88
28 0 109
1 0 109
34 0 62
36 0 72
50 0 66
57 0 66
71 1 63
57 0 71
51 0 74
51 1 141
52 0 99
45 0 63
59 0 75
62 1 61
52 1 62
44 0 75
32 1 74
30 0 48
1 0 43
31 0 58
38 0 64
28 0 55
26 0 61
28 0 110
32 0 68
30 0 81
37 0 66
31 0 64
31 0 69
36 0 72
41 0 65
38 0 65
34 1 66
34 1 52
34 0 44
35 0 79
21 0 67
21 0 67
22 0 68
7 0 108
22 0 108
26 0 49
38 0 101
43 0 68
45 0 53
36 0 47
33 0 68
30 0 73
25 0 64
21 0 62
34 2 70
35 0 44
58 0 55
56 0 66
53 0 59
47 0 84
43 0 126
51 1 52
37 0 68
35 0 89
43 0 112
39 0 76
35 0 66
39 0 61
36 0 61
35 0 62
36 0 51
40 0 61
39 0 58
28 0 62
27 1 59
25 0 59
23 0 57
23 0 59
33 0 66
31 0 49
32 0 61
52 0 89
37 0 74
42 0 83
45 0 67
39 0 69
40 0 58
37 0 78
38 0 75
35 0 67
32 0 64
28 0 62
30 0 58
33 0 36
28 0 58
31 0 50
21 0 69
24 0 67
18 0 64
18 1 62
24 0 77
19 0 66
28 0 59
22 0 64
27 0 68
33 0 68
39 1 83
39 0 81
26 0 125
27 0 78
30 0 62
36 0 92
41 0 87
28 0 69
27 0 70
29 0 63
32 0 56
37 0 97
39 1 80
36 0 64
40 0 64
43 1 64
28 0 73
30 2 85
31 0 56
25 0 87
30 0 56
29 0 70
27 0 70
35 0 66
27 0 59
27 0 61
26 0 61
23 0 61
24 0 60
25 0 60
26 0 97
27 0 68
33 0 64
36 0 72
53 1 68
40 0 65
41 1 78
50 0 126
53 0 73
48 0 73
48 0 85
42 0 94
40 0 86
34 0 82
32 0 88
35 1 60
29 3 76
31 1 59
42 0 61
35 1 60
31 0 56
31 0 80
33 1 72
31 0 72
31 0 72
34 0 105
45 2 68
28 0 65
29 0 63
37 1 74
41 0 71
38 1 60
31 0 85
1 0 85
33 0 88
60 1 79
54 2 111
53 2 90
36 0 57
1 0 57
14 0 57
1 0 57
43 0 71
35 1 61
25 0 69
20 0 62
18 0 59
25 0 61
28 0 76
41 1 58
43 0 80
43 1 72
46 2 72
41 1 62
38 0 53
37 0 75
36 0 65
39 0 65
34 1 65
36 1 79
33 1 61
36 0 60
28 3 64
34 0 66
25 0 70
26 0 61
30 0 60
28 0 59
30 0 64
36 0 102
37 0 103
32 0 54
41 1 61
21 2 75
39 0 75
48 2 65
43 1 75
38 1 57
40 2 56
40 1 67
40 0 73
36 1 68
34 1 63
34 0 63
32 0 65
31 1 67
29 1 66
31 0 59
28 0 54
33 0 74
30 0 69
34 1 72
30 0 69
31 0 67
28 0 76
30 0 63
38 4 70
34 1 59
37 0 58
34 0 77
31 0 69
31 0 69
34 1 67
39 0 61
40 0 58
40 0 75
39 0 107
34 1 81
33 0 87
30 0 88
36 2 66
42 0 80
40 0 79
39 1 64
31 0 69
38 0 72
26 0 61
25 0 89
29 1 90
24 0 71
24 2 64
25 0 63
23 0 92
24 1 73
22 0 70
26 0 75
25 0 69
23 2 75
25 0 74
20 2 59
19 0 61
26 0 75
22 0 55
21 0 55
25 2 67
27 0 69
30 0 67
30 0 63
34 0 59
39 0 87
39 0 86
37 0 71
43 0 76
41 1 83
54 2 92
56 0 64
59 1 55
67 1 75
55 0 79
40 0 122
41 1 74
45 0 70
42 1 70
43 1 74
37 0 64
39 0 75
47 0 82
32 0 56
30 1 55
34 0 73
29 0 76
27 0 65
14 0 71
1 0 68
13 0 64
1 0 64
14 1 64
27 0 72
25 0 79
30 1 64
31 1 74
27 1 91
30 1 71
37 0 52
34 0 67
43 1 69
27 0 68
32 1 90
34 1 65
27 0 82
32 0 73
33 0 72
31 1 71
41 1 85
32 1 76
41 0 88
42 1 87
19 0 79
1 0 79
26 0 79
33 0 62
30 0 57
37 1 75
41 2 82
33 0 57
34 0 57
21 0 57
32 0 64
25 0 64
24 0 65
29 1 70
29 0 68
1 0 66
34 1 92
44 0 124
51 2 64
46 0 82
48 2 85
62 0 125
1 0 127
60 2 89
53 1 73
15 1 59
54 0 80
49 0 118
43 2 79
30 1 68
1 0 66
1 0 45
39 1 45
41 1 65
40 0 62
55 2 60
45 2 69
38 0 52
31 0 63
27 0 67
22 0 65
23 1 59
21 0 59
31 0 63
33 0 64
28 1 66
28 0 59
37 0 63
36 1 61
36 0 65
38 0 64
37 0 66
45 1 73
31 1 62
31 0 66
39 0 100
35 2 53
36 0 57
42 0 77
35 0 74
34 1 60
35 0 60
39 1 61
45 2 73
28 0 62
34 0 68
28 0 58
32 0 55
24 1 60
31 0 62
30 0 65
28 0 67
32 0 43
36 0 61
43 1 64
34 0 59
1 0 59
33 0 57
22 0 61
35 2 71
38 0 65
36 2 68
49 0 67
43 0 68
46 1 66
35 0 82
33 1 130
32 0 70
31 0 67
34 1 66
39 0 65
35 0 60
31 1 62
35 1 73
36 1 77
25 0 58
26 0 53
33 0 68
35 0 72
34 2 69
34 2 65
29 1 65
33 0 73
25 0 59
20 0 75
17 0 33
21 0 63
18 0 63
23 0 71
33 1 64
42 1 56
40 0 66
31 0 62
22 1 98
33 1 71
32 0 65
31 0 68
32 1 60
36 0 56
29 0 69
32 1 79
26 1 59
28 0 58
40 0 77
37 0 97
41 0 69
51 0 69
48 0 74
51 0 62
55 0 101
72 1 85
39 1 81
32 0 72
34 3 57
26 0 67
23 0 79
28 0 51
27 1 57
22 1 73
35 1 58
33 1 61
36 0 91
33 0 70
23 0 66
37 1 58
46 1 66
50 0 72
57 1 111
55 1 89
48 1 96
1 0 72
1 0 72
66 2 68
43 2 71
17 0 82
1 0 82
16 1 82
1 0 82
28 1 69
26 1 62
26 1 68
33 0 73
33 0 68
30 0 94
30 0 123
31 1 77
33 0 66
22 0 58
22 1 54
14 0 67
19 1 55
15 0 57
21 0 61
17 0 62
23 0 67
20 0 72
24 2 66
21 0 93
33 0 83
28 0 62
26 0 51
25 1 61
36 0 81
29 0 82
27 0 60
29 0 57
41 1 62
31 0 71
44 1 60
31 0 61
29 0 70
30 1 75
27 1 66
26 1 67
24 0 70
25 0 69
22 0 66
22 0 60
22 1 70
22 0 74
1 0 74
32 0 114
26 2 61
20 0 83
1 0 78
6 0 78
28 0 81
32 0 67
42 2 63
35 0 76
32 1 87
36 2 70
36 3 82
36 0 108
89 4 89
44 1 192
1 0 286
62 1 280
1 0 258
104 2 310
1 0 319
26 2 392
1 0 436
37 1 438
57 2 364
2 0 370
29 1 336
1 0 420
26 1 420
1 0 420
33 0 400
1 0 400
30 1 399
20 0 316
1 0 350
13 0 350
1 0 350
2 0 244
55 2 228
51 0 69
33 1 63
49 0 100
46 0 68
34 0 66
26 0 67
30 0 71
32 3 85
22 0 90
1 0 96
24 0 96
29 1 64
27 2 102
13 0 57
1 0 57
24 0 57
29 0 72
37 0 111
36 0 89
41 1 70
36 1 72
29 1 62
35 0 70
1 0 70
30 0 97
30 1 75
28 2 72
35 1 68
24 0 72
1 0 93
28 0 86
33 0 59
34 0 125
39 2 66
39 0 76
40 1 70
12 0 73
3 1 73
31 0 65
33 2 71
33 3 70
27 0 74
28 1 69
29 0 68
27 0 65
38 2 61
32 0 58
32 1 64
34 2 65
45 2 76
46 2 62
44 1 76
36 1 76
40 0 85
44 1 68
45 1 62
38 2 48
37 2 63
34 0 79
37 3 98
35 0 132
34 0 73
5 0 73
26 1 68
36 4 63
38 2 64
18 1 71
1 0 71
16 0 73
37 0 62
41 2 69
47 2 87
51 1 77
1 0 74
41 0 70
35 0 60
37 1 76
30 1 50
28 1 121
27 1 53
37 0 63
39 1 83
31 0 75
31 0 63
36 1 73
48 0 66
44 1 75
50 2 77
36 2 61
32 1 71
30 1 54
29 3 54
25 0 81
33 1 94
28 1 56
1 0 63
23 1 63
23 1 65
34 0 61
35 2 66
28 1 57
31 0 87
37 1 71
36 1 70
32 1 73
34 0 60
31 0 69
33 3 60
28 1 57
34 0 72
35 1 74
36 1 56
38 0 77
37 3 76
31 0 69
33 1 91
33 0 64
41 1 88
44 0 63
41 2 70
39 2 64
37 2 50
37 2 61
29 0 66
22 0 79
22 0 78
22 1 70
24 1 68
23 0 76
22 1 83
24 0 77
33 1 65
30 0 61
37 1 71
37 1 76
33 1 72
69 2 104
35 1 62
28 0 78
29 2 68
23 1 70
28 1 67
30 0 73
25 0 68
26 1 59
61 1 69
33 0 62
39 0 88
23 0 72
26 1 58
27 2 56
28 1 58
25 0 66
26 1 63
25 0 70
24 0 70
23 0 68
24 0 75
27 0 60
29 4 49
31 2 60
38 1 170
86 1 83
41 0 66
41 1 68
35 1 78
13 1 81
1 0 81
15 1 79
29 0 79
1 0 84
29 3 83
30 1 62
26 0 60
35 0 71
32 0 79
70 2 67
37 1 74
20 0 71
28 0 66
27 0 61
24 0 56
33 1 56
29 1 82
29 0 63
30 2 62
28 0 71
34 1 56
43 1 90
44 1 68
37 0 71
31 0 63
28 0 67
28 1 58
25 2 91
23 1 60
2 0 60
1 0 80
23 1 70
23 1 57
1 0 57
23 0 99
20 1 46
27 0 51
29 0 55
18 2 61
18 0 58
20 0 62
24 0 74
34 0 77
36 4 75
34 0 74
37 0 63
36 0 66
41 3 81
33 1 72
36 2 67
32 1 58
24 0 93
28 1 66
36 0 59
30 1 74
34 0 75
32 1 60
33 1 80
13 0 83
1 0 83
24 0 72
34 0 61
30 1 63
29 0 59
28 1 66
32 0 71
33 2 75
13 0 67
1 0 63
26 0 63
36 0 85
39 0 63
41 1 58
45 6 64
24 0 65
25 0 67
24 0 75
28 0 77
30 2 52
30 1 87
36 0 59
34 2 63
32 0 80
35 0 94
36 0 91
34 0 61
32 2 72
21 0 64
1 0 64
12 0 64
1 0 64
35 1 60
38 0 57
50 3 82
41 1 62
40 1 75
35 2 77
25 1 63
23 0 63
26 0 65
24 0 78
19 0 64
25 0 62
30 0 46
28 0 65
26 0 67
41 3 73
53 0 87
47 1 81
19 2 95
1 0 97
34 2 94
62 1 70
50 4 65
50 0 58
51 0 70
45 2 58
34 1 71
35 0 105
34 0 56
44 2 66
33 1 70
35 2 74
33 0 80
32 1 94
18 0 76
1 0 76
11 0 76
38 1 64
29 1 61
36 2 61
23 0 71
1 0 59
11 0 59
35 0 95
32 1 56
49 0 69
46 1 63
36 0 80
30 0 85
40 1 91
33 2 81
33 0 66
37 0 63
46 0 68
32 1 122
28 1 79
27 1 67
31 0 60
26 0 59
22 0 59
18 0 77
18 1 67
22 0 65
30 1 67
31 0 64
26 2 65
36 0 72
23 0 65
32 0 66
44 0 62
34 1 63
33 1 107
34 0 50
46 1 61
52 4 77
40 2 76
25 0 72
33 1 68
31 1 64
42 1 72
48 3 73
32 0 66
35 3 66
30 0 68
30 0 70
43 1 73
45 2 91
42 1 121
37 1 83
27 2 77
37 1 81
52 2 81
28 0 66
33 0 64
32 0 64
44 0 65
28 2 66
33 1 71
41 3 87
19 0 82
1 0 83
10 0 83
38 0 97
31 1 41
25 3 63
8 0 82
41 1 88
41 0 62
39 0 60
36 0 65
26 0 72
25 0 59
37 2 61
40 1 70
32 1 72
36 1 65
36 1 82
40 1 80
39 0 164
42 0 126
29 0 77
41 1 64
37 1 84
26 0 77
37 1 67
34 2 67
32 4 82
31 2 66
38 0 77
39 2 70
59 4 96
33 2 106
1 0 149
43 1 149
1 0 149
133 10 184
2 0 210
19 2 221
1 0 221
21 3 221
4 0 184
31 1 174
1 0 174
7 0 174
2 0 174
23 3 196
1 0 196
20 0 196
5 0 233
3 0 243
34 1 191
1 0 196
11 0 196
40 3 211
1 0 211
35 2 285
1 0 355
1 0 299
34 2 271
4 0 69
1 0 132
73 8 137
26 2 127
1 0 127
17 2 127
2 0 119
18 0 111
1 0 111
17 0 96
1 0 87
32 1 87
33 2 72
36 0 60
32 0 68
42 1 81
30 0 66
25 1 75
25 1 70
5 1 68
38 0 63
30 0 78
33 2 70
30 1 64
12 0 64
1 0 64
13 0 66
21 1 67
22 3 73
22 0 61
1 0 61
21 0 58
21 1 56
25 1 61
27 3 73
23 1 68
25 1 66
22 1 75
23 0 94
29 3 103
28 2 69
43 0 57
35 2 82
34 2 69
41 1 57
37 3 62
42 1 75
10 0 102
1 0 102
12 0 102
25 1 84
25 0 99
31 4 66
29 1 71
38 1 60
39 3 77
32 2 88
30 2 91
25 1 67
30 1 62
32 2 54
46 3 70
33 1 85
33 0 64
43 3 113
36 0 88
42 3 108
43 1 65
48 7 66
48 2 55
42 1 62
46 4 79
51 5 77
49 2 83
33 3 144
12 1 53
1 0 53
22 4 53
1 0 53
1 0 47
32 2 68
30 3 100
32 2 94
1 0 94
17 0 91
1 0 75
2 0 70
49 5 72
31 0 92
1 0 85
15 3 85
3 0 85
41 0 69
38 1 71
38 3 66
40 2 72
37 3 126
38 1 57
38 2 74
38 1 74
47 1 122
26 1 114
1 0 114
14 1 112
28 2 74
1 0 62
13 2 62
28 0 52
1 0 52
13 2 52
1 0 52
44 1 85
45 1 83
33 0 57
38 4 63
16 1 119
1 0 119
13 0 119
1 0 119
18 1 61
1 1 61
18 0 61
17 1 77
1 0 77
20 1 76
40 1 76
44 4 87
20 1 102
1 0 102
18 0 102
1 0 102
35 3 69
1 0 69
40 1 73
40 6 59
47 6 56
33 2 56
2 0 56
33 2 69
27 1 87
33 1 76
28 3 71
31 0 77
46 3 100
40 3 127
35 1 119
1 0 150
27 1 150
2 0 150
37 2 151
1 0 160
19 2 160
43 5 151
2 0 117
53 5 130
4 0 143
24 5 143
1 0 143
19 0 117
1 0 115
14 1 115
1 0 115
28 0 82
1 0 73
5 0 73
21 2 52
1 0 52
15 0 52
12 0 53
1 0 53
21 1 53
1 0 53
33 2 63
12 0 78
1 0 78
20 4 82
1 0 93
33 2 96
21 1 68
1 0 61
12 1 61
1 0 61
1 0 60
31 2 60
13 0 62
1 0 62
19 0 62
33 1 63
34 2 62
44 3 75
29 1 70
32 1 62
34 0 54
33 2 63
35 3 66
35 1 66
35 2 86
48 5 84
32 1 68
37 3 74
50 5 69
53 3 68
61 7 73
64 6 105
20 1 95
1 0 95
13 1 95
2 0 83
1 0 83
31 3 78
16 0 78
1 0 83
20 1 83
37 3 77
36 2 35
30 2 86
28 1 63
31 0 77
32 2 85
26 2 64
23 1 52
22 1 60
25 1 97
14 0 73
21 1 55
22 1 66
23 1 60
26 0 58
40 2 67
42 5 81
36 0 94
39 0 61
35 2 73
40 2 73
38 2 72
36 0 65
39 0 62
35 1 70
33 2 71
29 1 75
30 1 94
31 0 80
33 1 76
39 3 68
33 3 63
36 2 65
47 3 59
53 5 76
42 5 75
41 1 64
39 3 69
36 2 67
44 2 63
45 2 79
50 6 66
37 2 65
29 0 63
28 0 64
31 2 72
30 3 74
64 5 67
38 4 62
33 0 56
31 3 61
29 2 66
25 0 66
21 0 57
22 5 62
26 2 64
18 0 59
19 0 60
21 1 63
36 1 62
26 0 58
28 0 59
32 3 80
25 4 71
2 0 75
2 0 80
34 0 80
30 1 66
27 2 71
27 0 62
30 2 67
28 0 112
27 1 69
32 3 81
1 0 81
33 1 66
46 3 75
36 1 62
39 2 77
14 1 79
1 0 65
21 1 65
38 4 69
15 2 71
1 0 71
20 1 68
1 0 67
2 0 67
29 2 67
13 2 67
1 0 67
17 1 68
1 0 90
1 0 90
32 0 80
37 1 62
37 2 77
33 0 59
1 0 59
34 0 110
24 2 56
32 1 61
25 0 67
39 2 68
33 2 63
36 0 67
52 2 81
38 5 72
22 0 109
1 0 109
20 1 97
47 4 98
18 0 153
1 1 164
18 2 164
2 0 164
28 1 151
18 1 151
41 4 150
8 0 56
14 0 56
14 1 56
42 2 69
23 2 65
20 3 63
19 2 62
20 0 70
16 1 74
20 0 70
18 0 102
20 0 60
26 0 81
32 0 99
35 3 58
33 0 87
75 4 91
38 1 58
30 5 62
27 1 64
28 0 76
26 0 70
12 0 70
24 1 62
23 1 90
32 0 73
1 0 67
21 1 46
19 0 62
35 0 63
22 0 78
30 2 82
22 0 77
41 6 78
20 0 69
1 0 69
30 1 69
43 2 82
17 0 84
1 0 70
34 1 70
26 2 74
58 3 99
19 1 85
1 0 85
33 1 85
57 2 100
1 0 115
36 3 112
1 0 112
24 3 102
53 4 79
100 7 178
22 0 150
1 1 161
18 0 161
2 0 161
21 2 157
1 0 157
17 1 157
1 1 157
20 3 123
2 0 104
20 0 72
1 0 72
11 1 72
1 0 77
33 2 104
36 0 58
35 3 59
36 1 54
41 2 61
25 2 76
28 3 67
33 2 65
34 1 81
38 3 89
41 2 70
47 2 50
54 3 71
60 3 180
63 5 104
48 3 129
1 0 127
41 3 127
4 0 127
5 0 76
45 1 82
78 9 96
33 4 93
40 4 93
3 0 92
12 0 87
1 0 62
6 0 62
3 0 62
21 1 65
19 3 130
1 0 130
25 1 50
30 2 107
24 0 98
1 0 144
65 7 100
19 0 85
45 2 83
13 0 82
1 0 82
1 0 82
27 2 92
24 2 95
30 4 67
1 0 63
3 0 63
18 1 89
23 0 108
27 3 112
1 0 112
10 1 68
1 0 68
10 0 77
27 2 146
1 0 90
22 1 87
21 1 78
1 0 132
1 0 132
26 2 132
65 5 107
1 0 126
1 0 126
26 2 111
31 3 111
1 0 137
29 4 115
1 0 128
28 1 90
1 0 90
4 0 98
3 0 123
25 1 92
1 1 92
15 0 92
60 3 106
23 0 93
1 0 92
25 0 92
42 3 80
40 1 47
35 1 69
37 0 69
27 0 58
30 0 62
23 2 58
21 0 65
22 1 70
25 1 84
21 2 74
1 0 74
23 2 71
22 0 62
31 3 56
25 0 60
30 1 68
80 3 64
20 1 66
21 1 62
25 0 56
21 2 69
21 2 77
23 0 101
30 1 60
23 1 74
26 1 76
1 1 67
43 5 67
29 5 72
32 1 64
12 0 42
1 0 42
17 0 42
42 0 79
30 1 61
40 1 61
12 1 65
1 0 65
12 0 65
42 2 62
31 1 126
21 0 80
1 0 80
11 0 80
28 0 102
51 1 74
28 0 111
1 0 111
35 2 114
12 1 84
1 0 84
20 0 97
32 1 87
33 1 85
1 0 85
38 2 88
23 0 69
1 0 69
16 0 69
1 0 69
45 2 65
42 0 69
50 0 117
52 2 114
48 3 160
1 0 127
23 2 109
1 0 109
18 1 109
2 0 109
3 0 113
43 1 57
109 3 111
46 0 84
36 0 61
34 0 64
37 1 65
45 0 57
36 1 114
48 1 102
31 1 57
38 0 65
29 0 59
35 0 57
31 0 66
31 0 56
29 3 69
33 0 58
29 0 56
25 0 55
23 0 64
23 1 64
25 0 62
25 1 69
38 0 75
31 3 80
35 0 62
39 1 78
41 1 66
36 1 62
33 1 73
30 0 58
33 1 70
30 0 72
23 1 91
61 1 101
30 0 59
34 1 54
30 0 62
36 0 81
27 1 80
26 0 62
35 2 67
32 0 49
99 3 128
35 1 82
35 0 84
1 0 61
32 1 59
31 1 64
32 0 92
32 0 71
28 0 54
31 1 103
43 4 75
34 2 85
32 0 66
24 1 82
22 0 63
25 1 63
31 0 83
34 2 63
28 1 77
43 0 80
1 0 80
30 1 66
37 1 63
32 0 58
45 2 76
115 6 113
30 1 69
33 0 64
34 0 65
32 1 75
29 0 72
26 0 67
20 0 58
34 2 66
32 2 74
29 0 75
29 1 77
33 0 129
37 1 89
14 0 77
1 0 77
20 0 77
42 1 73
47 2 54
39 2 68
41 1 53
40 0 68
37 0 61
40 2 56
16 0 63
1 0 63
22 1 63
37 1 93
39 0 71
1 0 72
43 0 60
40 0 64
51 0 82
40 0 58
42 2 100
31 2 72
1 0 72
4 0 72
1 0 72
2 0 80
48 1 60
50 2 73
45 2 81
45 0 75
40 0 52
34 2 129
74 2 69
34 0 73
37 1 72
39 0 72
32 0 77
33 0 69
34 1 74
34 0 81
36 1 71
41 1 50
41 1 72
24 1 59
15 2 70
1 0 70
16 0 70
35 1 77
41 1 68
42 1 68
45 0 73
47 0 74
48 1 71
44 0 61
43 0 57
37 2 65
46 0 91
37 2 86
31 4 78
40 0 55
43 1 77
37 1 77
34 0 75
35 0 62
35 0 62
35 0 49
42 1 69
50 2 153
37 2 84
40 0 75
2 0 114
37 1 96
34 1 74
34 2 57
39 0 91
1 0 102
42 1 62
40 2 74
40 0 74
25 0 60
29 0 58
26 0 66
29 0 57
33 0 62
31 0 78
39 1 60
41 0 101
41 0 104
44 1 77
37 2 77
40 1 75
40 1 56
41 0 60
43 0 97
38 0 52
26 0 71
34 0 58
33 0 66
28 0 48
35 1 61
26 0 65
23 0 71
34 1 58
33 1 72
74 1 132
30 1 58
28 0 61
31 1 56
37 0 76
32 0 61
24 1 60
29 2 60
28 1 66
16 3 104
1 0 104
12 1 94
27 3 70
38 0 79
41 1 97
30 1 79
36 1 76
1 0 69
1 0 129
35 3 64
33 0 91
28 0 76
34 0 87
41 1 61
33 0 70
35 1 71
35 0 73
45 0 61
35 0 81
31 2 74
21 0 49
1 0 49
10 0 67
36 0 162
39 1 91
33 0 66
83 1 114
37 2 93
22 1 64
1 0 64
14 0 64
18 0 84
1 0 84
14 0 61
33 1 76
18 0 84
1 0 84
9 0 84
29 1 80
12 0 77
1 0 75
20 0 75
29 0 159
28 0 55
29 1 79
22 0 80
1 0 80
5 0 80
28 1 69
32 1 67
35 2 60
32 1 70
47 3 77
31 1 91
34 2 78
15 0 75
1 0 75
18 1 65
32 1 70
36 0 76
38 2 78
38 2 126
43 2 87
49 0 65
100 1 122
33 1 67
38 0 86
41 0 123
39 0 74
7 1 67
31 0 63
29 1 63
31 1 70
28 2 60
28 0 70
28 0 79
38 1 78
29 0 77
32 0 76
41 0 76
35 0 107
35 1 58
38 1 94
1 0 83
41 1 63
79 1 51
44 1 70
45 2 89
37 2 65
36 0 85
30 2 81
33 1 56
30 1 54
34 0 63
30 0 69
39 0 73
24 0 69
25 0 69
29 0 78
34 0 71
35 2 65
33 0 58
32 0 63
33 0 80
29 0 75
32 0 75
28 0 72
33 0 74
37 0 64
42 1 65
43 0 69
47 0 67
36 1 71
42 0 85
35 0 73
33 1 62
33 2 60
34 0 78
35 0 104
36 0 48
30 0 64
51 0 82
49 1 54
34 0 67
33 2 66
35 1 66
62 2 70
22 0 97
38 1 73
30 0 84
29 0 83
33 1 85
18 1 69
20 0 113
21 0 51
23 0 69
19 0 66
24 0 55
21 0 58
25 0 64
26 0 76
27 1 71
25 0 56
24 0 70
24 1 72
19 0 72
20 0 72
16 0 72
18 0 84
17 0 73
20 0 71
20 1 48
21 0 65
23 0 56
21 2 50
21 0 68
21 0 68
14 0 67
16 0 67
16 0 89
25 1 89
24 1 81
31 1 82
34 1 106
37 1 78
37 0 80
52 0 70
70 1 63
62 0 77
61 1 85
25 1 96
1 0 96
33 2 94
63 0 71
55 2 60
54 2 63
44 0 65
23 0 71
1 0 75
26 1 75
43 0 83
37 0 108
37 2 118
37 0 79
42 1 70
41 0 72
45 1 80
42 0 87
31 2 65
30 0 76
24 0 70
26 0 63
23 1 63
34 0 64
40 1 66
38 0 84
39 0 77
34 1 80
34 1 111
43 1 80
41 1 73
45 0 75
38 0 76
34 0 83
26 0 83
32 0 77
32 1 72
37 0 64
1 1 74
56 4 88
63 2 92
51 1 109
57 3 73
50 1 75
1 0 56
1 0 56
47 2 53
44 0 62
52 0 78
39 3 84
32 1 76
32 0 76
26 0 66
30 0 79
26 0 63
32 0 47
51 0 105
44 0 68
39 0 69
34 1 78
33 1 74
32 1 69
31 0 96
29 0 107
29 1 100
48 1 70
32 0 73
31 0 76
23 0 78
23 0 94
25 0 98
27 1 81
25 1 65
32 1 64
25 1 64
25 0 76
28 0 50
24 0 63
22 0 67
31 0 61
41 1 59
28 2 61
29 0 64
33 0 75
42 1 66
35 2 62
48 0 61
40 1 65
35 0 69
31 1 93
31 0 64
29 0 55
33 0 109
30 0 58
31 0 61
32 0 54
40 1 75
47 1 75
35 0 95
38 0 67
45 0 78
37 1 94
39 1 68
36 2 58
39 0 76
1 0 76
32 0 63
36 1 57
40 0 107
35 0 67
33 0 60
34 2 64
23 1 77
34 0 88
43 0 62
44 1 84
41 1 77
39 0 62
35 1 63
32 0 82
36 1 63
25 0 144
25 0 60
33 1 68
28 0 76
35 1 72
27 0 67
24 0 63
22 1 65
27 1 56
22 0 62
21 0 77
25 1 67
23 1 65
21 1 74
17 0 59
14 0 52
16 0 52
20 1 29
14 0 61
25 0 57
31 0 89
28 0 64
22 1 67
22 1 65
22 0 62
22 0 63
31 0 72
26 1 90
43 1 69
31 0 67
36 2 73
37 0 64
32 0 69
34 0 64
30 0 109
31 0 66
30 0 62
35 1 71
34 0 66
29 0 59
27 0 67
28 0 67
28 0 70
27 0 70
33 0 80
33 0 81
34 0 62
32 0 68
30 1 65
39 0 71
46 0 75
64 0 70
43 0 70
47 0 82
44 0 67
40 0 90
49 0 75
50 0 81
57 0 103
51 0 66
61 1 57
44 0 68
26 0 82
32 0 70
37 0 73
37 0 66
38 0 61
38 1 60
31 0 68
33 0 100
33 0 49
43 1 75
26 0 67
1 0 67
29 0 65
32 0 64
34 1 65
35 0 81
33 0 85
41 0 59
29 0 69
36 1 65
35 0 60
32 0 60
29 0 60
27 0 61
26 0 33
26 0 67
32 0 62
23 0 56
26 0 66
25 0 64
21 0 62
30 0 66
27 1 69
27 0 68
23 0 67
24 1 69
23 0 68
24 0 56
26 1 76
31 0 72
29 0 66
28 0 62
30 0 68
34 0 88
32 0 60
34 0 84
109 0 90
37 0 75
32 0 59
28 0 82
35 1 82
33 0 76
27 0 68
29 0 66
25 0 60
26 1 62
25 0 66
5 0 66
26 0 63
27 0 63
30 0 71
31 0 79
44 1 63
45 0 84
37 1 61
38 0 49
37 0 73
33 0 59
32 1 58
28 0 60
30 0 61
30 0 63
29 0 75
34 0 71
31 0 65
34 0 60
34 0 89
34 1 47
44 1 79
47 1 67
36 0 78
39 0 74
42 0 67
35 0 65
36 0 71
35 0 67
33 0 65
32 0 74
34 0 62
28 0 59
31 1 65
31 0 86
35 0 54
32 0 54
35 0 62
48 0 74
49 0 59
32 0 51
41 0 75
41 0 77
37 1 75
37 0 55
37 0 67
36 0 65
41 0 75
42 0 72
39 0 73
41 0 72
36 0 69
36 0 93
36 0 63
39 0 82
52 0 69
45 1 68
43 1 70
42 0 65
47 1 78
40 0 89
1 0 89
35 0 91
29 0 67
37 0 81
32 0 77
33 0 70
31 0 67
40 0 44
41 0 58
31 0 59
43 0 67
31 0 65
35 1 87
34 0 65
38 0 69
40 0 75
40 0 60
33 0 70
35 0 69
35 0 64
31 1 64
34 0 92
33 0 67
39 0 63
19 0 66
20 0 67
25 0 74
28 0 74
25 0 73
28 1 67
30 0 64
36 0 62
37 0 66
34 0 66
36 0 63
35 0 62
32 0 71
33 0 66
31 0 64
24 0 62
20 1 96
22 0 64
55 1 67
30 0 65
30 0 70
35 0 69
32 0 67
32 0 77
30 0 81
28 0 76
30 1 72
24 0 70
1 0 63
6 0 63
37 0 63
33 0 54
36 0 64
31 0 70
33 1 71
38 0 70
31 0 47
92 2 71
37 0 82
23 0 74
19 1 87
25 0 81
19 0 78
22 0 64
18 0 61
27 0 68
20 0 61
25 0 54
29 0 62
23 0 79
32 0 90
26 0 79
26 0 84
35 0 93
29 0 72
50 1 59
36 0 130
42 0 79
52 1 72
37 0 77
1 0 67
28 0 67
82 0 104
70 0 92
55 0 104
39 0 78
29 0 121
35 1 64
34 0 63
44 0 60
29 0 64
30 0 62
33 0 67
47 0 90
25 0 107
31 0 63
34 0 70
34 1 67
12 0 64
1 0 64
10 0 63
43 0 61
50 0 62
90 1 118
40 1 58
49 0 66
48 0 68
26 0 83
26 0 68
27 0 60
32 0 63
25 0 67
20 0 75
20 0 65
18 0 64
16 1 64
16 0 70
17 0 70
14 0 49
24 0 58
33 0 72
25 0 51
24 0 57
33 0 75
32 0 72
34 0 70
31 0 66
35 0 63
30 0 67
33 0 68
40 1 70
36 1 77
40 1 76
30 0 67
31 0 63
107 1 82
25 0 71
28 0 65
28 0 61
26 1 62
26 0 71
32 1 76
27 0 60
24 0 59
24 0 59
35 0 65
27 1 61
24 0 50
30 0 80
28 1 79
21 0 63
31 0 67
31 0 64
42 0 60
31 0 52
26 0 69
29 0 53
40 0 48
45 0 58
38 0 65
31 0 117
30 0 74
29 0 74
53 0 71
41 1 62
48 0 93
31 0 58
31 0 72
34 0 73
52 0 78
40 0 64
35 0 68
18 0 86
24 0 75
40 0 66
38 0 58
45 0 66
29 0 72
28 0 61
29 0 69
30 1 75
40 1 61
56 0 69
43 0 109
34 0 71
29 0 91
30 0 100
36 0 81
34 0 61
43 0 76
29 0 83
37 0 89
33 0 82
32 1 71
39 0 58
29 0 59
31 0 61
41 1 69
10 1 54
47 2 85
32 0 72
37 0 67
37 1 55
32 0 64
29 0 87
30 0 69
38 0 76
39 0 67
17 0 58
31 1 81
35 0 76
31 0 83
60 0 85
68 2 100
26 0 110
1 0 110
48 0 115
1 0 149
63 1 119
47 1 127
1 0 62
20 0 68
1 0 68
21 0 68
50 1 108
45 1 96
128 1 141
22 0 150
24 1 101
1 0 100
23 0 100
14 0 92
1 0 107
13 0 107
44 0 72
28 0 75
49 2 88
46 1 36
41 1 69
35 0 69
46 0 64
28 0 52
35 2 61
32 0 62
34 1 62
41 1 66
33 0 81
29 1 58
22 0 64
23 0 68
23 0 49
27 0 70
25 0 61
19 0 53
16 1 119
19 0 119
28 0 66
40 0 71
54 0 75
53 0 70
55 0 67
41 1 83
62 1 96
71 1 73
61 1 110
36 0 88
1 0 88
24 1 87
39 0 63
41 2 64
37 0 60
31 0 59
25 0 52
27 0 56
35 0 64
32 1 79
29 0 65
32 0 73
33 0 78
40 1 57
44 0 89
44 0 71
50 1 78
15 1 86
1 0 66
30 1 66
40 1 64
42 0 62
49 0 58
37 0 83
51 0 67
40 0 68
46 0 69
39 0 81
31 0 69
29 0 71
27 0 60
24 1 57
24 0 59
21 1 58
24 1 58
18 0 57
28 2 59
25 0 69
34 2 60
26 0 58
27 0 42
16 0 69
14 0 69
18 0 57
19 0 60
16 0 75
17 1 59
25 0 66
19 0 73
33 2 84
24 0 93
36 1 68
30 0 61
29 0 64
28 0 57
40 1 72
27 0 83
23 0 60
34 0 108
31 0 72
29 0 75
32 0 78
29 1 71
32 0 63
29 0 66
28 1 69
30 1 59
27 0 57
27 0 45
36 0 56
43 0 72
30 0 72
32 0 110
30 0 60
31 2 67
34 0 69
34 0 70
35 1 80
28 0 66
43 0 64
14 0 63
11 0 79
29 0 94
41 0 88
39 1 63
43 1 54
43 1 72
28 1 118
25 0 43
28 0 59
40 0 59
39 0 69
44 0 81
33 1 67
33 0 73
36 0 69
34 0 82
38 0 94
39 0 173
38 0 141
32 0 72
34 0 69
31 0 100
36 0 103
29 0 75
26 0 75
28 1 98
35 0 69
30 1 86
38 0 89
48 0 130
34 0 63
37 0 59
36 0 65
31 0 58
30 0 60
28 0 61
34 0 70
29 0 59
29 0 61
42 0 49
40 0 84
40 1 56
33 0 68
31 1 71
27 1 105
38 0 84
32 0 77
31 0 81
36 0 69
35 0 81
38 1 87
35 0 60
35 0 68
34 0 68
33 0 59
37 0 71
42 1 70
35 0 70
35 0 70
32 0 86
34 0 71
31 0 58
32 0 58
40 0 81
35 0 64
41 1 82
31 0 101
34 0 66
35 1 85
34 0 106
41 0 78
37 0 85
46 0 86
39 0 74
28 0 76
31 0 78
36 1 75
27 0 76
31 0 59
41 0 71
34 1 73
39 0 86
41 0 79
32 0 61
37 1 98
35 0 74
32 1 66
35 1 56
33 0 66
30 0 67
34 0 67
30 0 66
36 0 60
40 0 68
33 1 62
34 0 62
35 0 79
30 0 112
29 0 59
26 0 70
27 0 59
31 0 53
40 0 77
39 0 66
28 1 62
27 0 64
32 0 69
31 0 44
41 0 66
45 2 73
41 0 63
41 0 59
37 0 62
43 0 64
39 0 65
32 0 65
31 1 64
60 0 107
38 0 69
76 0 157
69 0 112
74 0 78
60 0 89
60 1 60
61 2 79
32 0 58
30 0 58
29 1 67
26 0 91
32 0 71
30 0 72
28 0 67
30 0 66
30 0 62
30 0 66
37 1 59
37 0 63
37 0 69
31 0 81
33 0 91
41 0 70
39 0 62
42 1 60
35 0 74
40 1 80
31 0 86
41 0 77
39 0 89
38 0 107
35 1 79
31 1 72
36 0 63
1 0 63
41 0 71
35 0 80
38 0 62
37 0 89
43 0 61
32 0 124
28 0 57
34 0 64
28 0 67
7 0 55
1 1 55
23 0 55
29 0 46
41 0 54
39 1 76
32 0 69
25 0 62
26 0 58
29 0 78
26 0 92
24 0 77
27 0 63
26 1 68
24 0 72
22 0 158
23 0 78
18 0 75
22 0 64
29 0 48
26 0 45
30 1 60
20 0 59
20 0 64
14 0 63
14 0 63
26 0 62
19 0 92
25 0 92
23 0 94
26 0 67
39 0 59
32 1 62
37 0 74
29 0 67
24 0 56
21 0 56
30 0 64
2 0 64
8 0 59
26 0 59
42 0 65
26 0 69
35 0 70
30 0 57
45 0 59
36 0 67
22 0 97
42 0 55
43 1 79
36 0 60
26 0 60
27 1 61
30 0 84
47 0 75
35 1 65
33 0 61
37 0 66
34 0 66
29 0 70
29 0 78
29 0 87
48 0 67
42 1 67
44 1 69
28 0 66
23 0 58
27 0 81
37 0 68
44 0 70
41 0 83
27 0 85
27 1 72
27 0 124
35 0 75
43 0 66
40 0 85
25 0 95
